Sample Names	MutationTypes	SBS96A	SBS96B	SBS96C
P-0000614-T01-IM3	A[C>A]A	0.017475349724906615	0.02444274818604733	0.9580819020890461
P-0000614-T01-IM3	A[C>A]C	0.0122982593094189	0.0017675676958142721	0.9859341729947669
P-0000614-T01-IM3	A[C>A]G	0.016093519936469354	0.009331887428523731	0.9745745926350069
P-0000614-T01-IM3	A[C>A]T	0.0557732226268123	0.0214495946995042	0.9227771826736835
P-0000614-T01-IM3	A[C>G]A	0.009922342285069283	0.04494028932345839	0.9451373683914723
P-0000614-T01-IM3	A[C>G]C	0.01668909076304417	0.04124033345472802	0.9420705757822279
P-0000614-T01-IM3	A[C>G]G	0.00018604466584714146	0.002393803921462057	0.9974201514126908
P-0000614-T01-IM3	A[C>G]T	0.004125113523240016	0.006593734680493522	0.9892811517962664
P-0000614-T01-IM3	A[C>T]A	1.2540876184285131e-05	0.04282893814723364	0.9571585209765822
P-0000614-T01-IM3	A[C>T]C	0.0038408479564935186	0.049947824967204034	0.9462113270763025
P-0000614-T01-IM3	A[C>T]G	0.013814957076570319	0.4473832212605362	0.5388018216628935
P-0000614-T01-IM3	A[C>T]T	0.01961793300472877	0.03634815264416983	0.9440339143511014
P-0000614-T01-IM3	A[T>A]A	0.009394526493240631	0.028217908589156605	0.9623875649176028
P-0000614-T01-IM3	A[T>A]C	1.3297577739325214e-06	0.008528237820068885	0.9914704324221572
P-0000614-T01-IM3	A[T>A]G	0.0006004361955473165	0.002892082422025062	0.9965074813824277
P-0000614-T01-IM3	A[T>A]T	0.008884031075275146	0.02356099164865725	0.9675549772760677
P-0000614-T01-IM3	A[T>C]A	0.012490559057590377	0.012359364557422111	0.9751500763849875
P-0000614-T01-IM3	A[T>C]C	0.011562619150096244	0.006035727705607848	0.982401653144296
P-0000614-T01-IM3	A[T>C]G	0.0001221932969796749	0.0025967907678842313	0.9972810159351361
P-0000614-T01-IM3	A[T>C]T	0.006187862987487522	0.0035578851643075344	0.990254251848205
P-0000614-T01-IM3	A[T>G]A	0.21507694681471726	0.008072637257352307	0.7768504159279304
P-0000614-T01-IM3	A[T>G]C	0.05049480228575434	0.07861769411163544	0.8708875036026102
P-0000614-T01-IM3	A[T>G]G	0.05673220444304705	0.0360378129786331	0.9072299825783198
P-0000614-T01-IM3	A[T>G]T	0.13939415415801698	0.008639086210153203	0.8519667596318299
P-0000614-T01-IM3	C[C>A]A	0.013770441600872381	0.019315859998474814	0.9669136984006528
P-0000614-T01-IM3	C[C>A]C	0.00022438850234599245	0.0032821401979244015	0.9964934712997296
P-0000614-T01-IM3	C[C>A]G	0.009304533393990249	0.06669951371789022	0.9239959528881195
P-0000614-T01-IM3	C[C>A]T	0.008893166633826223	0.06919153914139622	0.9219152942247775
P-0000614-T01-IM3	C[C>G]A	2.100123484134024e-05	0.1650614044444454	0.8349175943207133
P-0000614-T01-IM3	C[C>G]C	0.014776549491335	0.09613701439112635	0.8890864361175387
P-0000614-T01-IM3	C[C>G]G	0.0025790792495598556	0.0010165883526708096	0.9964043323977694
P-0000614-T01-IM3	C[C>G]T	0.04615014049769486	0.0003196040976491448	0.9535302554046561
P-0000614-T01-IM3	C[C>T]A	0.0005950718664513133	0.02671301758525818	0.9726919105482905
P-0000614-T01-IM3	C[C>T]C	0.002162923196647687	0.057919155289157774	0.9399179215141946
P-0000614-T01-IM3	C[C>T]G	0.004603430254845598	0.3397354776819465	0.6556610920632079
P-0000614-T01-IM3	C[C>T]T	0.004749507020115128	0.0417937970154132	0.9534566959644717
P-0000614-T01-IM3	C[T>A]A	3.697668113585069e-05	0.12010844770832563	0.8798545756105385
P-0000614-T01-IM3	C[T>A]C	0.006703163291892249	0.041857471576746325	0.9514393651313615
P-0000614-T01-IM3	C[T>A]G	0.0025239921143674748	0.01677476311934976	0.9807012447662827
P-0000614-T01-IM3	C[T>A]T	0.006316915102210384	0.0027845865691609782	0.9908984983286286
P-0000614-T01-IM3	C[T>C]A	1.641006508711178e-07	0.009443801688902902	0.9905560342104462
P-0000614-T01-IM3	C[T>C]C	0.0016663062415386448	0.0012401129859359594	0.9970935807725254
P-0000614-T01-IM3	C[T>C]G	0.00031416338219489857	0.004410893110354268	0.9952749435074508
P-0000614-T01-IM3	C[T>C]T	0.0013708491164583566	0.0020049646323575384	0.9966241862511842
P-0000614-T01-IM3	C[T>G]A	0.10076782018719858	0.08491964936940534	0.814312530443396
P-0000614-T01-IM3	C[T>G]C	0.005318375296121475	0.0019931890863308203	0.9926884356175477
P-0000614-T01-IM3	C[T>G]G	0.01481702085797039	0.0020258798930772154	0.9831570992489523
P-0000614-T01-IM3	C[T>G]T	0.11341224207426996	0.06764826972946653	0.8189394881962635
P-0000614-T01-IM3	G[C>A]A	0.04636662205891327	0.08376097087171053	0.8698724070693762
P-0000614-T01-IM3	G[C>A]C	0.007157161027049223	0.050862893862368135	0.9419799451105826
P-0000614-T01-IM3	G[C>A]G	0.002670200931552507	0.026407127023975283	0.9709226720444721
P-0000614-T01-IM3	G[C>A]T	0.018634354106262373	0.19466417795479452	0.786701467938943
P-0000614-T01-IM3	G[C>G]A	0.013056779338179385	0.009520472272772047	0.9774227483890485
P-0000614-T01-IM3	G[C>G]C	0.009323489953029484	0.014760438520615048	0.9759160715263554
P-0000614-T01-IM3	G[C>G]G	0.0119807953919981	0.03776730909396205	0.9502518955140398
P-0000614-T01-IM3	G[C>G]T	0.002096608774351458	0.022433674311286768	0.9754697169143617
P-0000614-T01-IM3	G[C>T]A	0.0	0.04713320793113686	0.952866792068863
P-0000614-T01-IM3	G[C>T]C	0.01100449907842862	0.111724542702696	0.8772709582188755
P-0000614-T01-IM3	G[C>T]G	0.03637045240031683	0.7022529457429842	0.26137660185669875
P-0000614-T01-IM3	G[C>T]T	0.01698479229398675	0.1052212373268996	0.8777939703791137
P-0000614-T01-IM3	G[T>A]A	0.00034398610002297673	0.0008012361219036657	0.9988547777780733
P-0000614-T01-IM3	G[T>A]C	0.00015683957781478902	0.016665659231266033	0.9831775011909191
P-0000614-T01-IM3	G[T>A]G	0.0005400753899781051	0.00010041677626898344	0.9993595078337529
P-0000614-T01-IM3	G[T>A]T	0.005247078921200943	0.017386973497467168	0.9773659475813319
P-0000614-T01-IM3	G[T>C]A	0.011070957746697025	0.050094571100010254	0.9388344711532928
P-0000614-T01-IM3	G[T>C]C	0.048024804953820485	0.1024517964698686	0.849523398576311
P-0000614-T01-IM3	G[T>C]G	0.004869627200720743	0.04087952587022668	0.9542508469290526
P-0000614-T01-IM3	G[T>C]T	0.03742801465977606	0.0344018072824367	0.9281701780577872
P-0000614-T01-IM3	G[T>G]A	0.12996342379182105	0.3908599012240122	0.4791766749841668
P-0000614-T01-IM3	G[T>G]C	0.020631091838311598	0.03612685200721278	0.9432420561544755
P-0000614-T01-IM3	G[T>G]G	0.00426764881595127	0.0368087697867021	0.9589235813973466
P-0000614-T01-IM3	G[T>G]T	0.024967628978948636	0.02271568558329251	0.9523166854377589
P-0000614-T01-IM3	T[C>A]A	0.4720198173904136	0.0002903420892862318	0.5276898405203001
P-0000614-T01-IM3	T[C>A]C	0.044669358739089345	0.019571475981602266	0.9357591652793084
P-0000614-T01-IM3	T[C>A]G	0.039407570728113316	0.0035661544455078183	0.9570262748263788
P-0000614-T01-IM3	T[C>A]T	0.9995874716289775	5.878335580369814e-05	0.0003537450152186828
P-0000614-T01-IM3	T[C>G]A	0.00029934271727627594	0.008941739549106606	0.9907589177336171
P-0000614-T01-IM3	T[C>G]C	4.423254296670476e-06	0.006140648671003429	0.9938549280746999
P-0000614-T01-IM3	T[C>G]G	7.682611507832127e-05	0.0016913923372553006	0.9982317815476665
P-0000614-T01-IM3	T[C>G]T	0.008333945876262044	0.2732971068067664	0.7183689473169715
P-0000614-T01-IM3	T[C>T]A	0.015829500476412513	0.0727395487247871	0.9114309507988003
P-0000614-T01-IM3	T[C>T]C	0.09119954758160896	0.10633587995490892	0.8024645724634821
P-0000614-T01-IM3	T[C>T]G	0.6401268064491341	0.3598731935508659	0.0
P-0000614-T01-IM3	T[C>T]T	0.2770465992413904	0.18317310209407636	0.5397802986645333
P-0000614-T01-IM3	T[T>A]A	0.0029323580090157664	0.00842746889587097	0.9886401730951133
P-0000614-T01-IM3	T[T>A]C	0.09064135871750284	0.0994453539837827	0.8099132872987145
P-0000614-T01-IM3	T[T>A]G	0.008588663276707154	0.01251955041780922	0.9788917863054837
P-0000614-T01-IM3	T[T>A]T	0.12594594480965038	0.010425898510224513	0.8636281566801252
P-0000614-T01-IM3	T[T>C]A	0.011871064896226174	0.04012229067513379	0.94800664442864
P-0000614-T01-IM3	T[T>C]C	0.021699926786706156	0.005470305130230787	0.9728297680830631
P-0000614-T01-IM3	T[T>C]G	0.0042813835196678085	0.004134123108251917	0.9915844933720802
P-0000614-T01-IM3	T[T>C]T	0.03896414582518491	0.001988799027933211	0.9590470551468818
P-0000614-T01-IM3	T[T>G]A	0.3537281446928827	0.015811832156847273	0.6304600231502699
P-0000614-T01-IM3	T[T>G]C	0.9797040041943169	0.017040944776596414	0.0032550510290867167
P-0000614-T01-IM3	T[T>G]G	0.04545680999802255	0.008076164593945648	0.9464670254080317
P-0000614-T01-IM3	T[T>G]T	0.997959200751967	3.500076687542597e-05	0.0020057984811573904
P-0001791-T01-IM3	A[C>A]A	0.0	0.13988859065460554	0.8601114093453945
P-0001791-T01-IM3	A[C>A]C	0.0	0.011299856346204487	0.9887001436537954
P-0001791-T01-IM3	A[C>A]G	0.0	0.0575309683464722	0.9424690316535278
P-0001791-T01-IM3	A[C>A]T	0.0	0.1290597433763144	0.8709402566236856
P-0001791-T01-IM3	A[C>G]A	0.0	0.23261364696358375	0.7673863530364162
P-0001791-T01-IM3	A[C>G]C	0.0	0.218184224848618	0.781815775151382
P-0001791-T01-IM3	A[C>G]G	0.0	0.01506941006332296	0.9849305899366771
P-0001791-T01-IM3	A[C>G]T	0.0	0.04075865206509075	0.9592413479349092
P-0001791-T01-IM3	A[C>T]A	0.0	0.22194442686556767	0.7780555731344322
P-0001791-T01-IM3	A[C>T]C	0.0	0.2517872489650725	0.7482127510349275
P-0001791-T01-IM3	A[C>T]G	0.0	0.8411021819315719	0.15889781806842812
P-0001791-T01-IM3	A[C>T]T	0.0	0.19708169721511634	0.8029183027848836
P-0001791-T01-IM3	A[T>A]A	0.0	0.15748300056290895	0.842516999437091
P-0001791-T01-IM3	A[T>A]C	0.0	0.05198464655027244	0.9480153534497275
P-0001791-T01-IM3	A[T>A]G	0.0	0.018165550250746888	0.9818344497492532
P-0001791-T01-IM3	A[T>A]T	0.0	0.13437752208571338	0.8656224779142866
P-0001791-T01-IM3	A[T>C]A	0.0	0.07475840407747711	0.9252415959225229
P-0001791-T01-IM3	A[T>C]C	0.0	0.03769080213825685	0.9623091978617432
P-0001791-T01-IM3	A[T>C]G	0.0	0.01632862551490605	0.983671374485094
P-0001791-T01-IM3	A[T>C]T	0.0	0.022391861951519154	0.9776081380484809
P-0001791-T01-IM3	A[T>G]A	0.0	0.06212993492792488	0.9378700650720752
P-0001791-T01-IM3	A[T>G]C	0.0	0.36527718169675055	0.6347228183032495
P-0001791-T01-IM3	A[T>G]G	0.0	0.20206412440787436	0.7979358755921256
P-0001791-T01-IM3	A[T>G]T	0.0	0.06071851061164355	0.9392814893883564
P-0001791-T01-IM3	C[C>A]A	0.0	0.11296577863723004	0.8870342213627699
P-0001791-T01-IM3	C[C>A]C	0.0	0.020565452902277282	0.9794345470977227
P-0001791-T01-IM3	C[C>A]G	0.0	0.31515543505413224	0.6848445649458677
P-0001791-T01-IM3	C[C>A]T	0.0	0.3236187725094162	0.6763812274905838
P-0001791-T01-IM3	C[C>G]A	0.0	0.5575854960417906	0.4424145039582093
P-0001791-T01-IM3	C[C>G]C	0.0	0.4080491533602291	0.5919508466397708
P-0001791-T01-IM3	C[C>G]G	0.0	0.0064621070321898965	0.9935378929678101
P-0001791-T01-IM3	C[C>G]T	0.0	0.0021322152844749625	0.9978677847155251
P-0001791-T01-IM3	C[C>T]A	0.0	0.14899157020935555	0.8510084297906445
P-0001791-T01-IM3	C[C>T]C	0.0	0.28204094227280696	0.7179590577271932
P-0001791-T01-IM3	C[C>T]G	0.0	0.7676175945901176	0.2323824054098824
P-0001791-T01-IM3	C[C>T]T	0.0	0.21840902537985937	0.7815909746201406
P-0001791-T01-IM3	C[T>A]A	0.0	0.46531144485063697	0.534688555149363
P-0001791-T01-IM3	C[T>A]C	0.0	0.21903110763509615	0.7809688923649039
P-0001791-T01-IM3	C[T>A]G	0.0	0.09832212820794671	0.9016778717920533
P-0001791-T01-IM3	C[T>A]T	0.0	0.01759949952399393	0.982400500476006
P-0001791-T01-IM3	C[T>C]A	0.0	0.05729588136032419	0.9427041186396757
P-0001791-T01-IM3	C[T>C]C	0.0	0.007866393814423693	0.9921336061855763
P-0001791-T01-IM3	C[T>C]G	0.0	0.027476644325338268	0.9725233556746617
P-0001791-T01-IM3	C[T>C]T	0.0	0.012662547687146395	0.9873374523128536
P-0001791-T01-IM3	C[T>G]A	0.0	0.3993307001000804	0.6006692998999196
P-0001791-T01-IM3	C[T>G]C	0.0	0.012638396075773571	0.9873616039242263
P-0001791-T01-IM3	C[T>G]G	0.0	0.012965913342449766	0.9870340866575502
P-0001791-T01-IM3	C[T>G]T	0.0	0.3449517539007169	0.6550482460992831
P-0001791-T01-IM3	G[C>A]A	0.0	0.38036593880949754	0.6196340611905023
P-0001791-T01-IM3	G[C>A]C	0.0	0.2560756889137646	0.7439243110862354
P-0001791-T01-IM3	G[C>A]G	0.0	0.1477663016894217	0.8522336983105784
P-0001791-T01-IM3	G[C>A]T	0.0	0.6120199960943171	0.3879800039056829
P-0001791-T01-IM3	G[C>G]A	0.0	0.05846458856371147	0.9415354114362885
P-0001791-T01-IM3	G[C>G]C	0.0	0.08794072531449003	0.91205927468551
P-0001791-T01-IM3	G[C>G]G	0.0	0.20215185347313322	0.7978481465268669
P-0001791-T01-IM3	G[C>G]T	0.0	0.12786470238667577	0.8721352976133242
P-0001791-T01-IM3	G[C>T]A	0.0	0.23973858856281274	0.7602614114371872
P-0001791-T01-IM3	G[C>T]C	0.0	0.4480888802534255	0.5519111197465744
P-0001791-T01-IM3	G[C>T]G	0.0	0.9448367643269856	0.05516323567301434
P-0001791-T01-IM3	G[C>T]T	0.0	0.4331617778238095	0.5668382221761904
P-0001791-T01-IM3	G[T>A]A	0.0	0.005087719384932523	0.9949122806150674
P-0001791-T01-IM3	G[T>A]C	0.0	0.09752296854518396	0.9024770314548161
P-0001791-T01-IM3	G[T>A]G	0.0	0.000640157163306674	0.9993598428366932
P-0001791-T01-IM3	G[T>A]T	0.0	0.10185733413334606	0.8981426658666538
P-0001791-T01-IM3	G[T>C]A	0.0	0.2538198208224589	0.7461801791775411
P-0001791-T01-IM3	G[T>C]C	0.0	0.43465120772318155	0.5653487922768186
P-0001791-T01-IM3	G[T>C]G	0.0	0.21451644151179244	0.7854835584882075
P-0001791-T01-IM3	G[T>C]T	0.0	0.19112419964892144	0.8088758003510785
P-0001791-T01-IM3	G[T>G]A	0.0	0.8387103918953395	0.1612896081046605
P-0001791-T01-IM3	G[T>G]C	0.0	0.1962494455052412	0.8037505544947589
P-0001791-T01-IM3	G[T>G]G	0.0	0.19659847508655437	0.8034015249134457
P-0001791-T01-IM3	G[T>G]T	0.0	0.131992201189447	0.868007798810553
P-0001791-T01-IM3	T[C>A]A	0.0	0.0034953509141849564	0.9965046490858152
P-0001791-T01-IM3	T[C>A]C	0.0	0.11764728402681802	0.8823527159731819
P-0001791-T01-IM3	T[C>A]G	0.0	0.02320386907985504	0.976796130920145
P-0001791-T01-IM3	T[C>A]T	0.0	0.514412627142172	0.48558737285782805
P-0001791-T01-IM3	T[C>G]A	0.0	0.054405067202899865	0.9455949327971
P-0001791-T01-IM3	T[C>G]C	0.0	0.03789600777621894	0.9621039922237811
P-0001791-T01-IM3	T[C>G]G	0.0	0.010686295525359178	0.9893137044746408
P-0001791-T01-IM3	T[C>G]T	0.0	0.7080558187023855	0.2919441812976144
P-0001791-T01-IM3	T[C>T]A	0.0	0.3372112974184103	0.6627887025815896
P-0001791-T01-IM3	T[C>T]C	0.0	0.45792452829682284	0.5420754717031772
P-0001791-T01-IM3	T[C>T]G	0.0	1.0	0.0
P-0001791-T01-IM3	T[C>T]T	0.0	0.6838784720084343	0.3161215279915657
P-0001791-T01-IM3	T[T>A]A	0.0	0.05154154197710801	0.9484584580228921
P-0001791-T01-IM3	T[T>A]C	0.0	0.43907060483686317	0.5609293951631367
P-0001791-T01-IM3	T[T>A]G	0.0	0.07538664246848428	0.9246133575315157
P-0001791-T01-IM3	T[T>A]T	0.0	0.07146068666850477	0.9285393133314952
P-0001791-T01-IM3	T[T>C]A	0.0	0.21247925334657158	0.7875207466534284
P-0001791-T01-IM3	T[T>C]C	0.0	0.03460662166897362	0.9653933783310263
P-0001791-T01-IM3	T[T>C]G	0.0	0.025890570201199236	0.9741094297988008
P-0001791-T01-IM3	T[T>C]T	0.0	0.013047503497283081	0.986952496502717
P-0001791-T01-IM3	T[T>G]A	0.0	0.13784477140212728	0.8621552285978727
P-0001791-T01-IM3	T[T>G]C	0.0	0.9709087515803828	0.029091248419617233
P-0001791-T01-IM3	T[T>G]G	0.0	0.05159117837054326	0.9484088216294567
P-0001791-T01-IM3	T[T>G]T	0.0	0.1001063523777656	0.8998936476222343
P-0004255-T01-IM5	A[C>A]A	0.025288283666081993	0.15916809777596916	0.8155436185579488
P-0004255-T01-IM5	A[C>A]C	0.02048980474583835	0.013252040165185539	0.9662581550889761
P-0004255-T01-IM5	A[C>A]G	0.02548999345545599	0.06651210405716747	0.9079979024873766
P-0004255-T01-IM5	A[C>A]T	0.08023694516877784	0.13886098789567944	0.7809020669355428
P-0004255-T01-IM5	A[C>G]A	0.012917751906623951	0.26328196622953676	0.7238002818638394
P-0004255-T01-IM5	A[C>G]C	0.022062975028507383	0.24533871080455233	0.7325983141669402
P-0004255-T01-IM5	A[C>G]G	0.0003112801876962158	0.018023342876532303	0.9816653769357715
P-0004255-T01-IM5	A[C>G]T	0.006699581898739647	0.04818987251561314	0.9451105455856472
P-0004255-T01-IM5	A[C>T]A	1.659335106421447e-05	0.2550093136824065	0.7449740929665293
P-0004255-T01-IM5	A[C>T]C	0.004891547717153904	0.28625183132263854	0.7088566209602076
P-0004255-T01-IM5	A[C>T]G	0.005893799030913046	0.858890875725413	0.13521532524367394
P-0004255-T01-IM5	A[C>T]T	0.026564614596590905	0.22148541323184115	0.7519499721715679
P-0004255-T01-IM5	A[T>A]A	0.013373268481727188	0.18075903082737999	0.8058677006908929
P-0004255-T01-IM5	A[T>A]C	2.1392626870455406e-06	0.0617395407687415	0.9382583199685715
P-0004255-T01-IM5	A[T>A]G	0.0010010678920742383	0.021698007114263757	0.977300924993662
P-0004255-T01-IM5	A[T>A]T	0.01298723915186753	0.1549932725038952	0.8320194883442372
P-0004255-T01-IM5	A[T>C]A	0.01946402498938338	0.08666813132240793	0.8938678436882087
P-0004255-T01-IM5	A[T>C]C	0.018752016139260818	0.0440487815479592	0.93719920231278
P-0004255-T01-IM5	A[T>C]G	0.00020418513641370288	0.019526581296019592	0.9802692335675667
P-0004255-T01-IM5	A[T>C]T	0.010232932556606558	0.026476700521421415	0.963290366921972
P-0004255-T01-IM5	A[T>G]A	0.30362033369313457	0.051281998576425264	0.6450976677304401
P-0004255-T01-IM5	A[T>G]C	0.05509157783758027	0.3859858199905994	0.5589226021718203
P-0004255-T01-IM5	A[T>G]G	0.07538491594030375	0.21548931298047208	0.7091257710792241
P-0004255-T01-IM5	A[T>G]T	0.20516429647358064	0.05721864197491098	0.7376170615515083
P-0004255-T01-IM5	C[C>A]A	0.020569335716510397	0.12983714626948303	0.8495935180140065
P-0004255-T01-IM5	C[C>A]C	0.00037325507412419985	0.02456828052793836	0.9750584643979374
P-0004255-T01-IM5	C[C>A]G	0.01090827475226683	0.3518816750942866	0.6372100501534466
P-0004255-T01-IM5	C[C>A]T	0.01031022203655207	0.3609749737493035	0.6287148042141444
P-0004255-T01-IM5	C[C>G]A	1.7019858930508496e-05	0.6019621359805495	0.39802084416051997
P-0004255-T01-IM5	C[C>G]C	0.015227510140874844	0.44581944728418554	0.5389530425749396
P-0004255-T01-IM5	C[C>G]G	0.004347198068777626	0.007710852297004662	0.9879419496342178
P-0004255-T01-IM5	C[C>G]T	0.07584389812102577	0.0023635917814960267	0.9217925100974781
P-0004255-T01-IM5	C[C>T]A	0.0008587200904230565	0.17346732010516036	0.8256739598044166
P-0004255-T01-IM5	C[C>T]C	0.0026516419819653907	0.31952770576057576	0.6778206522574588
P-0004255-T01-IM5	C[C>T]G	0.0023987492416053338	0.7966300746278991	0.20097117613049548
P-0004255-T01-IM5	C[C>T]T	0.006301768176589671	0.24953888583132944	0.7441593459920809
P-0004255-T01-IM5	C[T>A]A	3.494674670834234e-05	0.5108164704880596	0.48914858276523204
P-0004255-T01-IM5	C[T>A]C	0.008881514617611016	0.24957020777286582	0.7415482776095231
P-0004255-T01-IM5	C[T>A]G	0.00385404965965547	0.11526520378297538	0.8808807465573691
P-0004255-T01-IM5	C[T>A]T	0.010497939849069967	0.02082438947740177	0.9686776706735283
P-0004255-T01-IM5	C[T>C]A	2.6248658263355905e-07	0.06797608959218639	0.932023647921231
P-0004255-T01-IM5	C[T>C]C	0.00280630440220143	0.009398395686261008	0.9877952999115376
P-0004255-T01-IM5	C[T>C]G	0.0005187475390533094	0.03277476097044907	0.9667064914904977
P-0004255-T01-IM5	C[T>C]T	0.0022976047314865592	0.015121848762985455	0.9825805465055281
P-0004255-T01-IM5	C[T>G]A	0.10475766098384127	0.3972689614939826	0.49797337752217613
P-0004255-T01-IM5	C[T>G]C	0.008890302273076146	0.014993345928426794	0.976116351798497
P-0004255-T01-IM5	C[T>G]G	0.024602317411275634	0.015137053048628354	0.9602606295400961
P-0004255-T01-IM5	C[T>G]T	0.12607543998819296	0.3384073312163912	0.5355172287954159
P-0004255-T01-IM5	G[C>A]A	0.04959099682520495	0.403136013635796	0.547272989538999
P-0004255-T01-IM5	G[C>A]C	0.009058023104403793	0.28967179823038225	0.7012701786652139
P-0004255-T01-IM5	G[C>A]G	0.0038551439857317767	0.17156564540064156	0.8245792106136267
P-0004255-T01-IM5	G[C>A]T	0.013728089656973265	0.6453485174352497	0.34092339290777707
P-0004255-T01-IM5	G[C>G]A	0.02069700828405745	0.06791137368361935	0.9113916180323232
P-0004255-T01-IM5	G[C>G]C	0.014347942140310828	0.10221694184993838	0.8834351160097508
P-0004255-T01-IM5	G[C>G]G	0.016170479471257868	0.2293854158951798	0.7544441046335624
P-0004255-T01-IM5	G[C>G]T	0.0030975797012179037	0.14914819950775904	0.847754220791023
P-0004255-T01-IM5	G[C>T]A	0.0	0.2745235295739092	0.7254764704260909
P-0004255-T01-IM5	G[C>T]C	0.010685985318910716	0.488208565022731	0.5011054496583583
P-0004255-T01-IM5	G[C>T]G	0.010856010039327638	0.9432517432970051	0.04589224666366725
P-0004255-T01-IM5	G[C>T]T	0.016869577221263782	0.4702836460732984	0.5128467767054378
P-0004255-T01-IM5	G[T>A]A	0.0005815377800470696	0.006095510371419543	0.9933229518485335
P-0004255-T01-IM5	G[T>A]C	0.00024000228735228995	0.1147611066135007	0.8849988910991471
P-0004255-T01-IM5	G[T>A]G	0.000917168965339361	0.0007673857877264527	0.998315445246934
P-0004255-T01-IM5	G[T>A]T	0.007969323167518149	0.11883389930716697	0.8731967775253149
P-0004255-T01-IM5	G[T>C]A	0.01403604220039095	0.2858002790056733	0.7001636787939357
P-0004255-T01-IM5	G[T>C]C	0.04760693341573478	0.4570215612325868	0.4953715053516784
P-0004255-T01-IM5	G[T>C]G	0.006491524795934123	0.2452276123046925	0.7482808628993735
P-0004255-T01-IM5	G[T>C]T	0.05070044889224667	0.2097050002519534	0.7395945508557998
P-0004255-T01-IM5	G[T>G]A	0.05987162081361419	0.8102769842126583	0.12985139497372755
P-0004255-T01-IM5	G[T>G]C	0.02795350777024073	0.22027070151963038	0.7517757907101288
P-0004255-T01-IM5	G[T>G]G	0.005814395397017513	0.22567305296531875	0.7685125516376637
P-0004255-T01-IM5	G[T>G]T	0.03632318189206327	0.14871163416167482	0.8149651839462619
P-0004255-T01-IM5	T[C>A]A	0.6022718606106465	0.0016670738970799557	0.3960610654922736
P-0004255-T01-IM5	T[C>A]C	0.06538374057256285	0.12891282860247122	0.8057034308249659
P-0004255-T01-IM5	T[C>A]G	0.06372382364666503	0.025949848405419775	0.9103263279479151
P-0004255-T01-IM5	T[C>A]T	0.9995274179895015	0.00026450920886558234	0.00020807280163284518
P-0004255-T01-IM5	T[C>G]A	0.00048022649230278485	0.06455233372707116	0.934967439780626
P-0004255-T01-IM5	T[C>G]C	7.224495399599995e-06	0.04513281013128258	0.9548599653733177
P-0004255-T01-IM5	T[C>G]G	0.00012914486017575716	0.012794553258813584	0.9870763018810107
P-0004255-T01-IM5	T[C>G]T	0.005018209582699031	0.7405351334157511	0.25444665700155
P-0004255-T01-IM5	T[C>T]A	0.01800252550505253	0.3722625438451894	0.6097349306497579
P-0004255-T01-IM5	T[C>T]C	0.08754464689064959	0.4593346994795089	0.4531206536298416
P-0004255-T01-IM5	T[C>T]G	0.2832975842086683	0.7167024157913318	0.0
P-0004255-T01-IM5	T[C>T]T	0.1952622839642445	0.580951337000303	0.22378637903545265
P-0004255-T01-IM5	T[T>A]A	0.004711303912723729	0.06093036790743182	0.9343583281798444
P-0004255-T01-IM5	T[T>A]C	0.0893401170177622	0.44107975204378247	0.46958013093845535
P-0004255-T01-IM5	T[T>A]G	0.01340417599250161	0.0879256914415242	0.8986701325659742
P-0004255-T01-IM5	T[T>A]T	0.18497550284564704	0.06890584052607077	0.7461186566282821
P-0004255-T01-IM5	T[T>C]A	0.015826559998658302	0.2407105266394138	0.7434629133619279
P-0004255-T01-IM5	T[T>C]C	0.0350808448471965	0.03979567182047173	0.9251234833323319
P-0004255-T01-IM5	T[T>C]G	0.007063008708109781	0.030690327836621907	0.9622466634552683
P-0004255-T01-IM5	T[T>C]T	0.06366076063868344	0.014622110991392618	0.9217171283699239
P-0004255-T01-IM5	T[T>G]A	0.444527162122139	0.08941767970518365	0.46605515817267734
P-0004255-T01-IM5	T[T>G]C	0.9257311110155956	0.07245963783923956	0.0018092511451648122
P-0004255-T01-IM5	T[T>G]G	0.071188122972183	0.056914937327780274	0.8718969397000368
P-0004255-T01-IM5	T[T>G]T	0.9986616736916425	0.00015761431911128914	0.0011807119892461465
P-0005564-T01-IM5	A[C>A]A	0.027779068895662992	0.23312727809680922	0.7390936530075277
P-0005564-T01-IM5	A[C>A]C	0.024529224162830765	0.02115278096327041	0.9543179948738989
P-0005564-T01-IM5	A[C>A]G	0.0295272184925584	0.10272880518533561	0.867743976322106
P-0005564-T01-IM5	A[C>A]T	0.08820841609784329	0.20354227551567597	0.7082493083864807
P-0005564-T01-IM5	A[C>G]A	0.013440652339741652	0.36525255075281265	0.6213067969074457
P-0005564-T01-IM5	A[C>G]C	0.023137118889791062	0.3430441520431719	0.6338187290670371
P-0005564-T01-IM5	A[C>G]G	0.0003731408422161212	0.028806824660756486	0.9708200344970274
P-0005564-T01-IM5	A[C>G]T	0.007875662953578425	0.07553251321156419	0.9165918238348574
P-0005564-T01-IM5	A[C>T]A	1.7381923054619957e-05	0.35617095477865696	0.6438116632982884
P-0005564-T01-IM5	A[C>T]C	0.005035734034397427	0.39291942557565174	0.6020448403899508
P-0005564-T01-IM5	A[C>T]G	0.004667859205054524	0.9069830080426347	0.08834913275231086
P-0005564-T01-IM5	A[C>T]T	0.028193127871683054	0.313417763782613	0.6583891083457041
P-0005564-T01-IM5	A[T>A]A	0.01454839845191398	0.26219014524900824	0.7232614562990778
P-0005564-T01-IM5	A[T>A]C	2.498016177317645e-06	0.09612431582426816	0.9038731861595546
P-0005564-T01-IM5	A[T>A]G	0.0011971560604129088	0.03459758779783396	0.9642052561417531
P-0005564-T01-IM5	A[T>A]T	0.014333735758833722	0.22808364287322014	0.7575826213679461
P-0005564-T01-IM5	A[T>C]A	0.022309296834922495	0.1324498277448965	0.845240875420181
P-0005564-T01-IM5	A[T>C]C	0.022043740270616053	0.06904145790470316	0.9089148018246808
P-0005564-T01-IM5	A[T>C]G	0.0002445443012743885	0.031181598316002247	0.9685738573827233
P-0005564-T01-IM5	A[T>C]T	0.01217844161761175	0.042014016965116585	0.9458075414172716
P-0005564-T01-IM5	A[T>G]A	0.33578820296302175	0.07562027631405396	0.5885915207229243
P-0005564-T01-IM5	A[T>G]C	0.05344284031457741	0.49924578556004445	0.447311374125378
P-0005564-T01-IM5	A[T>G]G	0.0795423763302392	0.30316466390191826	0.6172929597678426
P-0005564-T01-IM5	A[T>G]T	0.2305242988176606	0.08572178523770681	0.6837539159446326
P-0005564-T01-IM5	C[C>A]A	0.0229927694013429	0.19351236261243165	0.7834948679862256
P-0005564-T01-IM5	C[C>A]C	0.0004456488620044938	0.039111149515731955	0.9604432016222635
P-0005564-T01-IM5	C[C>A]G	0.010845564258120503	0.4664783271002099	0.5226761086416696
P-0005564-T01-IM5	C[C>A]T	0.01020511041456509	0.47639316281731664	0.5134017267681183
P-0005564-T01-IM5	C[C>G]A	1.5048499511267698e-05	0.7096515465524538	0.2903334049480349
P-0005564-T01-IM5	C[C>G]C	0.014443383200272733	0.5638165010290462	0.42174011577068093
P-0005564-T01-IM5	C[C>G]G	0.005239605327461479	0.012391682223952484	0.9823687124485859
P-0005564-T01-IM5	C[C>G]T	0.09034691049517286	0.003754082976927023	0.9058990065279001
P-0005564-T01-IM5	C[C>T]A	0.0009402084277126092	0.25323802733009654	0.7458217642421908
P-0005564-T01-IM5	C[C>T]C	0.0026841453145795596	0.4312592223378567	0.5660566323475638
P-0005564-T01-IM5	C[C>T]G	0.0019496107742191598	0.863293558505882	0.134756830719899
P-0005564-T01-IM5	C[C>T]T	0.006612893278669204	0.3491451869039556	0.6442419198173752
P-0005564-T01-IM5	C[T>A]A	3.221874809911595e-05	0.6279217662190584	0.3720460150328426
P-0005564-T01-IM5	C[T>A]C	0.009315435808875113	0.3490178346691508	0.6416667295219741
P-0005564-T01-IM5	C[T>A]G	0.004358465290884278	0.1738013896374171	0.8218401450716987
P-0005564-T01-IM5	C[T>A]T	0.012536008049494327	0.033156310395846024	0.9543076815546596
P-0005564-T01-IM5	C[T>C]A	3.053751273219684e-07	0.10544390145352137	0.8945557931713513
P-0005564-T01-IM5	C[T>C]C	0.0033799957398838645	0.015092939718815755	0.9815270645413005
P-0005564-T01-IM5	C[T>C]G	0.0006162717523821854	0.05191519408208115	0.9474685341655366
P-0005564-T01-IM5	C[T>C]T	0.0027579342358732026	0.024202053464117003	0.9730400123000098
P-0005564-T01-IM5	C[T>G]A	0.10021993809479368	0.5067476097243931	0.3930324521808133
P-0005564-T01-IM5	C[T>G]C	0.01065756762954764	0.023965079149121174	0.9653773532213311
P-0005564-T01-IM5	C[T>G]G	0.029393447109759812	0.02411318471858359	0.9464933681716566
P-0005564-T01-IM5	C[T>G]T	0.12371411744930423	0.44275886801035924	0.4335270145403365
P-0005564-T01-IM5	G[C>A]A	0.04774765569757101	0.5175347895296444	0.4347175547727846
P-0005564-T01-IM5	G[C>A]C	0.009301394225601278	0.39660627347699995	0.5940923322973987
P-0005564-T01-IM5	G[C>A]G	0.004223023438471029	0.2505832015422689	0.7451937750192601
P-0005564-T01-IM5	G[C>A]T	0.01188111580481716	0.744697979272548	0.24342090492263488
P-0005564-T01-IM5	G[C>G]A	0.02397863865310554	0.10490548634830955	0.871115874998585
P-0005564-T01-IM5	G[C>G]C	0.016314283687506533	0.15496728108710067	0.8287184352253928
P-0005564-T01-IM5	G[C>G]G	0.01712187191679746	0.32384178568685507	0.6590363423963473
P-0005564-T01-IM5	G[C>G]T	0.003436565712033286	0.2206271295137674	0.7759363047741994
P-0005564-T01-IM5	G[C>T]A	0.0	0.3794842956381927	0.6205157043618073
P-0005564-T01-IM5	G[C>T]C	0.009940056310768707	0.6055059323526761	0.3845540113365552
P-0005564-T01-IM5	G[C>T]G	0.00830995522771237	0.9627084876627746	0.028981557109513056
P-0005564-T01-IM5	G[C>T]T	0.015810094868482834	0.5876637343065035	0.39652617082501357
P-0005564-T01-IM5	G[T>A]A	0.0007021704361267485	0.00981326252054991	0.9894845670433233
P-0005564-T01-IM5	G[T>A]C	0.00027168668888040475	0.17321537730350375	0.8265129360076159
P-0005564-T01-IM5	G[T>A]G	0.001110978507973479	0.001239392303500568	0.997649629188526
P-0005564-T01-IM5	G[T>A]T	0.00898658820387304	0.17867034967062714	0.8123430621254998
P-0005564-T01-IM5	G[T>C]A	0.014429415246773346	0.3917467943873497	0.593823790365877
P-0005564-T01-IM5	G[T>C]C	0.0446740588064883	0.5718216973157545	0.3835042438777572
P-0005564-T01-IM5	G[T>C]G	0.006827482067713211	0.3438919058620521	0.6492806120702347
P-0005564-T01-IM5	G[T>C]T	0.05390954270771919	0.2973044200885769	0.6487860372037039
P-0005564-T01-IM5	G[T>G]A	0.047998349151607445	0.8661189184288137	0.0858827324195788
P-0005564-T01-IM5	G[T>G]C	0.02967895924702857	0.3118227702678621	0.6584982704851094
P-0005564-T01-IM5	G[T>G]G	0.006180696511499803	0.31985364048174303	0.6739656630067571
P-0005564-T01-IM5	G[T>G]T	0.0400497450900333	0.21862486452116095	0.7413253903888058
P-0005564-T01-IM5	T[C>A]A	0.6467383529380613	0.002386874758585761	0.3508747723033531
P-0005564-T01-IM5	T[C>A]C	0.07248969979327431	0.19056424248724957	0.7369460577194761
P-0005564-T01-IM5	T[C>A]G	0.07502720984942829	0.04073713953867915	0.8842356506118926
P-0005564-T01-IM5	T[C>A]T	0.999475688130306	0.0003526606924960579	0.00017165117719780514
P-0005564-T01-IM5	T[C>G]A	0.000559770989641612	0.10032633715757956	0.8991138918527788
P-0005564-T01-IM5	T[C>G]C	8.520017014334177e-06	0.07096824326204286	0.9290232367209428
P-0005564-T01-IM5	T[C>G]G	0.00015531057692863527	0.020515767544199523	0.9793289218788718
P-0005564-T01-IM5	T[C>G]T	0.004173782858974684	0.8212312367277403	0.17459498041328497
P-0005564-T01-IM5	T[C>T]A	0.017694918775559978	0.48786899183859755	0.4944360893858425
P-0005564-T01-IM5	T[C>T]C	0.08152671552527538	0.570345923752931	0.3481273607217937
P-0005564-T01-IM5	T[C>T]G	0.22866849630334268	0.7713315036966574	0.0
P-0005564-T01-IM5	T[C>T]T	0.1691332545936173	0.6709484179775833	0.1599183274287993
P-0005564-T01-IM5	T[T>A]A	0.005498737308398775	0.09481878574979986	0.8996824769418013
P-0005564-T01-IM5	T[T>A]C	0.08389924580127503	0.5522902777980366	0.3638104764006883
P-0005564-T01-IM5	T[T>A]G	0.015371033615910046	0.13443658748396484	0.8501923789001251
P-0005564-T01-IM5	T[T>A]T	0.20727918958578717	0.10295234819203557	0.6897684622221772
P-0005564-T01-IM5	T[T>C]A	0.016657242833706044	0.3377928153856045	0.6455499417806895
P-0005564-T01-IM5	T[T>C]C	0.04120523619923609	0.062324232847957996	0.8964705309528058
P-0005564-T01-IM5	T[T>C]G	0.008389996145189635	0.048608507202359943	0.9430014966524504
P-0005564-T01-IM5	T[T>C]T	0.07546557313067404	0.02311137923947983	0.901423047629846
P-0005564-T01-IM5	T[T>G]A	0.4687887419010857	0.1257306043949978	0.40548065370391645
P-0005564-T01-IM5	T[T>G]C	0.9041785737545114	0.09436354497419976	0.0014578812712888326
P-0005564-T01-IM5	T[T>G]G	0.08216640214716256	0.08758943549206571	0.8302441623607718
P-0005564-T01-IM5	T[T>G]T	0.9988155776799101	0.00021018481212203735	0.0009742375079678026
P-0006201-T01-IM5	A[C>A]A	0.07025414285691188	0.0687850626703889	0.8609607944726992
P-0006201-T01-IM5	A[C>A]C	0.05257444861235967	0.005289384965634764	0.9421361664220055
P-0006201-T01-IM5	A[C>A]G	0.06692473490535393	0.02716458962055367	0.9059106754740924
P-0006201-T01-IM5	A[C>A]T	0.20130683675777683	0.054193838884117766	0.7444993243581054
P-0006201-T01-IM5	A[C>G]A	0.03927361164876577	0.12451467543605796	0.8362117129151762
P-0006201-T01-IM5	A[C>G]C	0.0651566866873599	0.1127058667701365	0.8221374465425036
P-0006201-T01-IM5	A[C>G]G	0.0008275476430240175	0.007453536755988692	0.9917189156009872
P-0006201-T01-IM5	A[C>G]T	0.017945094360261066	0.020078873769886364	0.9619760318698526
P-0006201-T01-IM5	A[C>T]A	5.1408436367630425e-05	0.12289716414998027	0.877051427413652
P-0006201-T01-IM5	A[C>T]C	0.015344341103468523	0.13968048999809177	0.8449751688984397
P-0006201-T01-IM5	A[C>T]G	0.030876844977666795	0.6999404778700998	0.2691826771522333
P-0006201-T01-IM5	A[C>T]T	0.07660831581393197	0.09935804803913119	0.8240336361469368
P-0006201-T01-IM5	A[T>A]A	0.03845975921916911	0.08086387105851792	0.880676369722313
P-0006201-T01-IM5	A[T>A]C	5.842677598565043e-06	0.02622990557403285	0.9737642517483686
P-0006201-T01-IM5	A[T>A]G	0.002664181292219479	0.00898267352804208	0.9883531451797384
P-0006201-T01-IM5	A[T>A]T	0.03676347738311447	0.06824928721904919	0.8949872353978363
P-0006201-T01-IM5	A[T>C]A	0.05223621725521454	0.03618128815746644	0.9115824945873191
P-0006201-T01-IM5	A[T>C]C	0.04912251435781265	0.017949487215729216	0.9329279984264581
P-0006201-T01-IM5	A[T>C]G	0.0005434156154524956	0.008083877608246576	0.991372706776301
P-0006201-T01-IM5	A[T>C]T	0.02690032139104209	0.010826965336833968	0.9622727132721239
P-0006201-T01-IM5	A[T>G]A	0.5453591494890643	0.01432854919043092	0.4403123013205048
P-0006201-T01-IM5	A[T>G]C	0.16820602355539233	0.1833214187659113	0.6484725576786965
P-0006201-T01-IM5	A[T>G]G	0.19923425402082529	0.08859124723037193	0.7121744987488028
P-0006201-T01-IM5	A[T>G]T	0.41501036009217435	0.018004465183059985	0.5669851747247657
P-0006201-T01-IM5	C[C>A]A	0.05656950040454198	0.055545203789978785	0.8878852958054793
P-0006201-T01-IM5	C[C>A]C	0.0009960980442535853	0.010198978016058197	0.9888049239396881
P-0006201-T01-IM5	C[C>A]G	0.035441188266159905	0.1778420202269068	0.7867167915069333
P-0006201-T01-IM5	C[C>A]T	0.03376266012427009	0.18387862962494642	0.7823587102507835
P-0006201-T01-IM5	C[C>G]A	6.94961863315445e-05	0.3823487877858464	0.6175817160278221
P-0006201-T01-IM5	C[C>G]C	0.05262127278133954	0.2396497533566874	0.7077289738619731
P-0006201-T01-IM5	C[C>G]G	0.011411028776736823	0.0031484969932123086	0.9854404742300509
P-0006201-T01-IM5	C[C>G]T	0.177831635209564	0.0008620776249906418	0.8213062871654454
P-0006201-T01-IM5	C[C>T]A	0.0025138276754982343	0.07899272118449412	0.9184934511400076
P-0006201-T01-IM5	C[C>T]C	0.00855567646779562	0.16037383495496116	0.8310704885772433
P-0006201-T01-IM5	C[C>T]G	0.011834686249500256	0.6113840754664269	0.3767812382840728
P-0006201-T01-IM5	C[C>T]T	0.019218597671754347	0.11838127970517383	0.8624001226230719
P-0006201-T01-IM5	C[T>A]A	0.00013168977845222818	0.2994302914203547	0.700438018801193
P-0006201-T01-IM5	C[T>A]C	0.02695518409307329	0.11782393804586754	0.8552208778610592
P-0006201-T01-IM5	C[T>A]G	0.010810226098386699	0.05029226784202761	0.9388975060595858
P-0006201-T01-IM5	C[T>A]T	0.027493407447847874	0.008483641194587405	0.9640229513575647
P-0006201-T01-IM5	C[T>C]A	7.196474274925441e-07	0.02899041099815289	0.9710088693544195
P-0006201-T01-IM5	C[T>C]C	0.0073921997007691965	0.003851041201504275	0.9887567590977265
P-0006201-T01-IM5	C[T>C]G	0.0013908726799389934	0.013669618256980152	0.9849395090630808
P-0006201-T01-IM5	C[T>C]T	0.006077828988808515	0.006222480951727734	0.9876996900594637
P-0006201-T01-IM5	C[T>G]A	0.294440966049618	0.17369311438245538	0.5318659195679267
P-0006201-T01-IM5	C[T>G]C	0.0232641014982877	0.006103147190542736	0.9706327513111697
P-0006201-T01-IM5	C[T>G]G	0.062784075847541	0.006008974318044765	0.9312069498344142
P-0006201-T01-IM5	C[T>G]T	0.32985638370138576	0.13772719105053433	0.53241642524808
P-0006201-T01-IM5	G[C>A]A	0.15484374184291114	0.19580687792144738	0.6493493802356414
P-0006201-T01-IM5	G[C>A]C	0.028253281212824683	0.1405488219019165	0.8311978968852589
P-0006201-T01-IM5	G[C>A]G	0.011210619222978713	0.07760770720971401	0.9111816735673073
P-0006201-T01-IM5	G[C>A]T	0.05633966173218115	0.41198743526948156	0.5316729029983372
P-0006201-T01-IM5	G[C>G]A	0.054813470819067234	0.027977426968300637	0.9172091022126321
P-0006201-T01-IM5	G[C>G]C	0.039206987561018314	0.043449248368570614	0.9173437640704111
P-0006201-T01-IM5	G[C>G]G	0.04776514409454516	0.10539973610590367	0.8468351197995512
P-0006201-T01-IM5	G[C>G]T	0.008889723115857114	0.06658390867997849	0.9245263682041643
P-0006201-T01-IM5	G[C>T]A	0.0	0.13412597282019395	0.865874027179806
P-0006201-T01-IM5	G[C>T]C	0.0385706563169426	0.2741153627828759	0.6873139809001815
P-0006201-T01-IM5	G[C>T]G	0.06202615111837871	0.8383352728084585	0.09963857607316261
P-0006201-T01-IM5	G[C>T]T	0.05921090644512749	0.2567691916448424	0.6840199019100301
P-0006201-T01-IM5	G[T>A]A	0.0015344310422820567	0.0025018717450943154	0.9959636972126237
P-0006201-T01-IM5	G[T>A]C	0.0006772239655088916	0.05037292750189696	0.9489498485325942
P-0006201-T01-IM5	G[T>A]G	0.0024110873366844396	0.0003138071748906113	0.997275105488425
P-0006201-T01-IM5	G[T>A]T	0.022243942110671815	0.051596018744129626	0.9261600391451985
P-0006201-T01-IM5	G[T>C]A	0.04324689590843798	0.13698040639803136	0.8197726976935307
P-0006201-T01-IM5	G[T>C]C	0.15510158139261118	0.2316158277995985	0.6132825908077904
P-0006201-T01-IM5	G[T>C]G	0.019731991826347058	0.11595222918744326	0.8643157789862096
P-0006201-T01-IM5	G[T>C]T	0.13914659445171584	0.08952721801821484	0.7713261875300693
P-0006201-T01-IM5	G[T>G]A	0.25449319646105983	0.5357648168241708	0.20974198671476937
P-0006201-T01-IM5	G[T>G]C	0.0803509605819153	0.09849110745233645	0.8211579319657483
P-0006201-T01-IM5	G[T>G]G	0.017463066382590146	0.10543411901439778	0.8771028146030121
P-0006201-T01-IM5	G[T>G]T	0.0983987084193202	0.06266657866864193	0.8389347129120379
P-0006201-T01-IM5	T[C>A]A	0.7997933031014909	0.0003443702044808206	0.1998623266940283
P-0006201-T01-IM5	T[C>A]C	0.16696385983827644	0.051207594767476106	0.7818285453942475
P-0006201-T01-IM5	T[C>A]G	0.15403968014167582	0.009757782476324127	0.836202537382
P-0006201-T01-IM5	T[C>A]T	0.9998797440840519	4.1160380554923415e-05	7.909553539318793e-05
P-0006201-T01-IM5	T[C>G]A	0.0013127781493819945	0.027450022111907908	0.9712371997387103
P-0006201-T01-IM5	T[C>G]C	1.953227936939528e-05	0.01898118446618358	0.9809992832544471
P-0006201-T01-IM5	T[C>G]G	0.0003423700506311318	0.005276297723593046	0.9943813322257758
P-0006201-T01-IM5	T[C>G]T	0.023135806937089366	0.5310886866075608	0.4457755064553498
P-0006201-T01-IM5	T[C>T]A	0.05852399506623599	0.1882501787041935	0.7532258262295706
P-0006201-T01-IM5	T[C>T]C	0.26433954429103496	0.21574827020649182	0.5199121855024732
P-0006201-T01-IM5	T[C>T]G	0.717600344779875	0.2823996552201251	0.0
P-0006201-T01-IM5	T[C>T]T	0.5267801298580351	0.24380145989982116	0.22941841024214357
P-0006201-T01-IM5	T[T>A]A	0.01275927149520415	0.025668712459543178	0.9615720160452527
P-0006201-T01-IM5	T[T>A]C	0.26558259025014314	0.2039650392616942	0.5304523704881626
P-0006201-T01-IM5	T[T>A]G	0.03636745288304093	0.037108558303820864	0.9265239888131382
P-0006201-T01-IM5	T[T>A]T	0.3859934503461896	0.022366976415970168	0.5916395732378402
P-0006201-T01-IM5	T[T>C]A	0.047132830424129524	0.11151097204884482	0.8413561975270257
P-0006201-T01-IM5	T[T>C]C	0.08930554714600236	0.015759040030821174	0.8949354128231766
P-0006201-T01-IM5	T[T>C]G	0.01871041323709051	0.01264680119432049	0.9686427855685891
P-0006201-T01-IM5	T[T>C]T	0.15296161390773771	0.005465202221831387	0.8415731838704309
P-0006201-T01-IM5	T[T>G]A	0.6994506772520142	0.02188606649949494	0.27866325624849075
P-0006201-T01-IM5	T[T>G]C	0.9872463041603937	0.012020494735807508	0.0007332011037988062
P-0006201-T01-IM5	T[T>G]G	0.17305452292210263	0.021522226650627436	0.8054232504272699
P-0006201-T01-IM5	T[T>G]T	0.999526401933444	2.4539012604404594e-05	0.000449059053951644
P-0010671-T01-IM5	A[C>A]A	0.06951444581483945	0.14584464297642255	0.784640911208738
P-0010671-T01-IM5	A[C>A]C	0.056430585232438574	0.01216573138562306	0.9314036833819384
P-0010671-T01-IM5	A[C>A]G	0.06974770480502782	0.0606651993045483	0.8695870958904239
P-0010671-T01-IM5	A[C>A]T	0.20067280032556062	0.11576389254926824	0.6835633071251712
P-0010671-T01-IM5	A[C>G]A	0.03648994780866071	0.24790549924689356	0.7156045529444457
P-0010671-T01-IM5	A[C>G]C	0.061243179132457415	0.2270065965645351	0.7117502243030075
