Sample Names	MutationTypes	SBS96A	SBS96B	SBS96C
P-0000862-T01-IM3	A[C>A]A	0.004771873208884596	0.9952281267911154	0.0
P-0000862-T01-IM3	A[C>A]C	0.30062431944245954	0.6993756805575405	0.0
P-0000862-T01-IM3	A[C>A]G	0.05547094347183618	0.9445290565281638	0.0
P-0000862-T01-IM3	A[C>A]T	0.20708853689073667	0.7929114631092633	0.0
P-0000862-T01-IM3	A[C>G]A	0.19198517417040678	0.8080148258295933	0.0
P-0000862-T01-IM3	A[C>G]C	0.3062213668770524	0.6937786331229474	0.0
P-0000862-T01-IM3	A[C>G]G	0.5614405513210847	0.4385594486789153	0.0
P-0000862-T01-IM3	A[C>G]T	0.13247018400415114	0.8675298159958489	0.0
P-0000862-T01-IM3	A[C>T]A	0.37988870317157913	0.6201112968284208	0.0
P-0000862-T01-IM3	A[C>T]C	0.38875746021717317	0.6112425397828267	0.0
P-0000862-T01-IM3	A[C>T]G	0.9140839431840704	0.08591605681592952	0.0
P-0000862-T01-IM3	A[C>T]T	0.475968602609525	0.5240313973904751	0.0
P-0000862-T01-IM3	A[T>A]A	0.2542264281288021	0.7457735718711979	0.0
P-0000862-T01-IM3	A[T>A]C	0.017353713025252702	0.9826462869747472	0.0
P-0000862-T01-IM3	A[T>A]G	0.32826994449130725	0.6717300555086928	0.0
P-0000862-T01-IM3	A[T>A]T	0.07061857398144152	0.9293814260185584	0.0
P-0000862-T01-IM3	A[T>C]A	0.190483773219343	0.809516226780657	0.0
P-0000862-T01-IM3	A[T>C]C	0.0712159971279404	0.9287840028720596	0.0
P-0000862-T01-IM3	A[T>C]G	0.15660728105129162	0.8433927189487084	0.0
P-0000862-T01-IM3	A[T>C]T	0.24783890158514849	0.7521610984148517	0.0
P-0000862-T01-IM3	A[T>G]A	0.2734629611658586	0.7265370388341414	0.0
P-0000862-T01-IM3	A[T>G]C	0.09100067604086692	0.9089993239591331	0.0
P-0000862-T01-IM3	A[T>G]G	0.26491066091208676	0.7350893390879132	0.0
P-0000862-T01-IM3	A[T>G]T	0.3491082123241013	0.6508917876758987	0.0
P-0000862-T01-IM3	C[C>A]A	0.074378829495358	0.925621170504642	0.0
P-0000862-T01-IM3	C[C>A]C	0.3009362920619176	0.6990637079380824	0.0
P-0000862-T01-IM3	C[C>A]G	0.05760583845271849	0.9423941615472814	0.0
P-0000862-T01-IM3	C[C>A]T	0.24069152790441858	0.7593084720955814	0.0
P-0000862-T01-IM3	C[C>G]A	0.47441330491279426	0.5255866950872057	0.0
P-0000862-T01-IM3	C[C>G]C	0.2304746182279337	0.7695253817720662	0.0
P-0000862-T01-IM3	C[C>G]G	0.4302203492680341	0.5697796507319659	0.0
P-0000862-T01-IM3	C[C>G]T	0.4031391433911051	0.596860856608895	0.0
P-0000862-T01-IM3	C[C>T]A	0.21101110343551385	0.7889888965644861	0.0
P-0000862-T01-IM3	C[C>T]C	0.2791321656333393	0.7208678343666607	0.0
P-0000862-T01-IM3	C[C>T]G	0.875513441113654	0.1244865588863459	0.0
P-0000862-T01-IM3	C[C>T]T	0.4366425861229522	0.5633574138770479	0.0
P-0000862-T01-IM3	C[T>A]A	0.5248800153399528	0.47511998466004723	0.0
P-0000862-T01-IM3	C[T>A]C	0.13693970298711294	0.863060297012887	0.0
P-0000862-T01-IM3	C[T>A]G	0.08684644606710476	0.9131535539328952	0.0
P-0000862-T01-IM3	C[T>A]T	0.0837833491547149	0.916216650845285	0.0
P-0000862-T01-IM3	C[T>C]A	0.05624763152192226	0.9437523684780778	0.0
P-0000862-T01-IM3	C[T>C]C	0.1854033048004833	0.8145966951995167	0.0
P-0000862-T01-IM3	C[T>C]G	0.04819844295323001	0.9518015570467699	0.0
P-0000862-T01-IM3	C[T>C]T	0.042956434229608535	0.9570435657703914	0.0
P-0000862-T01-IM3	C[T>G]A	0.22124529057663547	0.7787547094233646	0.0
P-0000862-T01-IM3	C[T>G]C	0.09805045485792423	0.9019495451420758	0.0
P-0000862-T01-IM3	C[T>G]G	0.21912397887265112	0.7808760211273489	0.0
P-0000862-T01-IM3	C[T>G]T	0.3770782476283678	0.6229217523716322	0.0
P-0000862-T01-IM3	G[C>A]A	0.029661310067039745	0.9703386899329602	0.0
P-0000862-T01-IM3	G[C>A]C	0.22486408437011568	0.7751359156298844	0.0
P-0000862-T01-IM3	G[C>A]G	0.17072506313796068	0.8292749368620393	0.0
P-0000862-T01-IM3	G[C>A]T	0.22778550125707794	0.772214498742922	0.0
P-0000862-T01-IM3	G[C>G]A	0.09771653123271652	0.9022834687672836	0.0
P-0000862-T01-IM3	G[C>G]C	0.10513939440479692	0.8948606055952031	0.0
P-0000862-T01-IM3	G[C>G]G	0.6177096652242438	0.38229033477575614	0.0
P-0000862-T01-IM3	G[C>G]T	0.47455660706192637	0.5254433929380736	0.0
P-0000862-T01-IM3	G[C>T]A	0.36459040256600206	0.6354095974339979	0.0
P-0000862-T01-IM3	G[C>T]C	0.405917990499273	0.5940820095007269	0.0
P-0000862-T01-IM3	G[C>T]G	0.8764556542524671	0.1235443457475329	0.0
P-0000862-T01-IM3	G[C>T]T	0.3705386127737108	0.6294613872262893	0.0
P-0000862-T01-IM3	G[T>A]A	0.21775450829872262	0.7822454917012773	0.0
P-0000862-T01-IM3	G[T>A]C	0.32002824397393037	0.6799717560260695	0.0
P-0000862-T01-IM3	G[T>A]G	0.01692922137329015	0.9830707786267099	0.0
P-0000862-T01-IM3	G[T>A]T	0.11273085955235758	0.8872691404476424	0.0
P-0000862-T01-IM3	G[T>C]A	0.05907186366485591	0.9409281363351442	0.0
P-0000862-T01-IM3	G[T>C]C	0.1991646618450652	0.8008353381549348	0.0
P-0000862-T01-IM3	G[T>C]G	0.1219876073066934	0.8780123926933066	0.0
P-0000862-T01-IM3	G[T>C]T	0.09209266249955435	0.9079073375004457	0.0
P-0000862-T01-IM3	G[T>G]A	0.9881888058132919	0.01181119418670801	0.0
P-0000862-T01-IM3	G[T>G]C	0.4727508115436177	0.5272491884563822	0.0
P-0000862-T01-IM3	G[T>G]G	0.0343639396750261	0.965636060324974	0.0
P-0000862-T01-IM3	G[T>G]T	0.04573175307952931	0.9542682469204706	0.0
P-0000862-T01-IM3	T[C>A]A	0.29993900592971495	0.7000609940702851	0.0
P-0000862-T01-IM3	T[C>A]C	0.3172108916250275	0.6827891083749724	0.0
P-0000862-T01-IM3	T[C>A]G	0.11239084489419919	0.8876091551058009	0.0
P-0000862-T01-IM3	T[C>A]T	0.0029518915791655552	0.9970481084208345	0.0
P-0000862-T01-IM3	T[C>G]A	0.08082869818211229	0.9191713018178876	0.0
P-0000862-T01-IM3	T[C>G]C	0.43203760899020527	0.5679623910097947	0.0
P-0000862-T01-IM3	T[C>G]G	0.07851227578014293	0.9214877242198569	0.0
P-0000862-T01-IM3	T[C>G]T	0.37109284141018983	0.6289071585898102	0.0
P-0000862-T01-IM3	T[C>T]A	0.4323645716191146	0.5676354283808853	0.0
P-0000862-T01-IM3	T[C>T]C	0.6575607570973804	0.34243924290261957	0.0
P-0000862-T01-IM3	T[C>T]G	0.9986682007290947	0.001331799270905332	0.0
P-0000862-T01-IM3	T[C>T]T	0.20986739963033305	0.7901326003696669	0.0
P-0000862-T01-IM3	T[T>A]A	0.12253532278751812	0.877464677212482	0.0
P-0000862-T01-IM3	T[T>A]C	0.018018593057039088	0.981981406942961	0.0
P-0000862-T01-IM3	T[T>A]G	0.08488993541077355	0.9151100645892264	0.0
P-0000862-T01-IM3	T[T>A]T	0.369962603691306	0.630037396308694	0.0
P-0000862-T01-IM3	T[T>C]A	0.12095448100924326	0.8790455189907568	0.0
P-0000862-T01-IM3	T[T>C]C	0.053985072206671786	0.9460149277933283	0.0
P-0000862-T01-IM3	T[T>C]G	0.09973590910833599	0.9002640908916639	0.0
P-0000862-T01-IM3	T[T>C]T	0.10555010391592837	0.8944498960840717	0.0
P-0000862-T01-IM3	T[T>G]A	0.06201223850085049	0.9379877614991495	0.0
P-0000862-T01-IM3	T[T>G]C	0.11066845186773909	0.8893315481322608	0.0
P-0000862-T01-IM3	T[T>G]G	0.14437205212865648	0.8556279478713436	0.0
P-0000862-T01-IM3	T[T>G]T	0.48286992183650845	0.5171300781634914	0.0
P-0001020-T01-IM3	A[C>A]A	0.007914682640816451	0.9920853173591835	0.0
P-0001020-T01-IM3	A[C>A]C	0.41698002298181686	0.5830199770181831	0.0
P-0001020-T01-IM3	A[C>A]G	0.08901807881356558	0.9109819211864344	0.0
P-0001020-T01-IM3	A[C>A]T	0.30292207444131974	0.6970779255586803	0.0
P-0001020-T01-IM3	A[C>G]A	0.28332684641366446	0.7166731535863355	0.0
P-0001020-T01-IM3	A[C>G]C	0.4234318079628668	0.5765681920371332	0.0
P-0001020-T01-IM3	A[C>G]G	0.6805181559459552	0.31948184405404473	0.0
P-0001020-T01-IM3	A[C>G]T	0.20259581470178667	0.7974041852982133	0.0
P-0001020-T01-IM3	A[C>T]A	0.5047805763365392	0.4952194236634609	0.0
P-0001020-T01-IM3	A[C>T]C	0.514147561432126	0.4858524385678739	0.0
P-0001020-T01-IM3	A[C>T]G	0.9465306727893733	0.053469327210626756	0.0
P-0001020-T01-IM3	A[C>T]T	0.6017935429598693	0.39820645704013063	0.0
P-0001020-T01-IM3	A[T>A]A	0.36191706715777594	0.6380829328422241	0.0
P-0001020-T01-IM3	A[T>A]C	0.02854538715052475	0.9714546128494753	0.0
P-0001020-T01-IM3	A[T>A]G	0.4484644834689117	0.5515355165310882	0.0
P-0001020-T01-IM3	A[T>A]T	0.11223795774010081	0.8877620422598992	0.0
P-0001020-T01-IM3	A[T>C]A	0.2813598542108436	0.7186401457891564	0.0
P-0001020-T01-IM3	A[T>C]C	0.1131446104003083	0.8868553895996917	0.0
P-0001020-T01-IM3	A[T>C]G	0.23603391514992886	0.7639660848500711	0.0
P-0001020-T01-IM3	A[T>C]T	0.35410852843848223	0.6458914715615178	0.0
P-0001020-T01-IM3	A[T>G]A	0.3850945235359866	0.6149054764640134	0.0
P-0001020-T01-IM3	A[T>G]C	0.14278682159493494	0.857213178405065	0.0
P-0001020-T01-IM3	A[T>G]G	0.37485229920056945	0.6251477007994306	0.0
P-0001020-T01-IM3	A[T>G]T	0.4715761961236149	0.5284238038763852	0.0
P-0001020-T01-IM3	C[C>A]A	0.11793312395239003	0.8820668760476099	0.0
P-0001020-T01-IM3	C[C>A]C	0.41734068927172907	0.582659310728271	0.0
P-0001020-T01-IM3	C[C>A]G	0.09231789968414965	0.9076821003158504	0.0
P-0001020-T01-IM3	C[C>A]T	0.34530340936918225	0.6546965906308178	0.0
P-0001020-T01-IM3	C[C>G]A	0.6002980836014528	0.39970191639854724	0.0
P-0001020-T01-IM3	C[C>G]C	0.3325909744387009	0.6674090255612991	0.0
P-0001020-T01-IM3	C[C>G]G	0.5568015727291002	0.44319842727089975	0.0
P-0001020-T01-IM3	C[C>G]T	0.5291522224434464	0.47084777755655366	0.0
P-0001020-T01-IM3	C[C>T]A	0.3079548633146218	0.692045136685378	0.0
P-0001020-T01-IM3	C[C>T]C	0.39182987688925774	0.6081701231107423	0.0
P-0001020-T01-IM3	C[C>T]G	0.9212719885510002	0.0787280114489999	0.0
P-0001020-T01-IM3	C[C>T]T	0.5632454790528192	0.4367545209471807	0.0
P-0001020-T01-IM3	C[T>A]A	0.6476546628362672	0.35234533716373284	0.0
P-0001020-T01-IM3	C[T>A]C	0.20886172786620094	0.7911382721337991	0.0
P-0001020-T01-IM3	C[T>A]G	0.13662384842259814	0.8633761515774018	0.0
P-0001020-T01-IM3	C[T>A]T	0.13205899087285142	0.8679410091271486	0.0
P-0001020-T01-IM3	C[T>C]A	0.09021961761784085	0.9097803823821591	0.0
P-0001020-T01-IM3	C[T>C]C	0.27467801378986906	0.725321986210131	0.0
P-0001020-T01-IM3	C[T>C]G	0.07770924374100646	0.9222907562589935	0.0
P-0001020-T01-IM3	C[T>C]T	0.06949200673067495	0.9305079932693251	0.0
P-0001020-T01-IM3	C[T>G]A	0.32097807865536	0.67902192134464	0.0
P-0001020-T01-IM3	C[T>G]C	0.15317242529489403	0.846827574705106	0.0
P-0001020-T01-IM3	C[T>G]G	0.31829135784690504	0.6817086421530949	0.0
P-0001020-T01-IM3	C[T>G]T	0.5017938283300788	0.4982061716699213	0.0
P-0001020-T01-IM3	G[C>A]A	0.048399393522899625	0.9516006064771003	0.0
P-0001020-T01-IM3	G[C>A]C	0.32554621973331616	0.6744537802666839	0.0
P-0001020-T01-IM3	G[C>A]G	0.2551457204374923	0.7448542795625078	0.0
P-0001020-T01-IM3	G[C>A]T	0.32922012682002955	0.6707798731799705	0.0
P-0001020-T01-IM3	G[C>G]A	0.15268255481363846	0.8473174451863617	0.0
P-0001020-T01-IM3	G[C>G]C	0.16352409237606488	0.836475907623935	0.0
P-0001020-T01-IM3	G[C>G]G	0.728886747785555	0.2711132522144451	0.0
P-0001020-T01-IM3	G[C>G]T	0.6004359705780027	0.39956402942199726	0.0
P-0001020-T01-IM3	G[C>T]A	0.488414136767769	0.5115858632322311	0.0
P-0001020-T01-IM3	G[C>T]C	0.532025424486487	0.4679745755135131	0.0
P-0001020-T01-IM3	G[C>T]G	0.9218987600786857	0.07810123992131442	0.0
P-0001020-T01-IM3	G[C>T]T	0.4948093570034154	0.5051906429965846	0.0
P-0001020-T01-IM3	G[T>A]A	0.31655336017500035	0.6834466398249996	0.0
P-0001020-T01-IM3	G[T>A]C	0.439178073054121	0.5608219269458791	0.0
P-0001020-T01-IM3	G[T>A]G	0.02785489461684778	0.9721451053831522	0.0
P-0001020-T01-IM3	G[T>A]T	0.17450906078981884	0.8254909392101812	0.0
P-0001020-T01-IM3	G[T>C]A	0.09457866312631197	0.9054213368736881	0.0
P-0001020-T01-IM3	G[T>C]C	0.29268485029915575	0.7073151497008443	0.0
P-0001020-T01-IM3	G[T>C]G	0.18776512440381324	0.8122348755961868	0.0
P-0001020-T01-IM3	G[T>C]T	0.14440151191999617	0.8555984880800038	0.0
P-0001020-T01-IM3	G[T>G]A	0.9928677418859664	0.007132258114033558	0.0
P-0001020-T01-IM3	G[T>G]C	0.5986969537488486	0.40130304625115143	0.0
P-0001020-T01-IM3	G[T>G]G	0.055901688058794856	0.9440983119412052	0.0
P-0001020-T01-IM3	G[T>G]T	0.07384943890460564	0.9261505610953943	0.0
P-0001020-T01-IM3	T[C>A]A	0.4161873061370003	0.5838126938629997	0.0
P-0001020-T01-IM3	T[C>A]C	0.43598434392133	0.56401565607867	0.0
P-0001020-T01-IM3	T[C>A]G	0.17401925834194376	0.8259807416580562	0.0
P-0001020-T01-IM3	T[C>A]T	0.004901944554415919	0.9950980554455842	0.0
P-0001020-T01-IM3	T[C>G]A	0.12763905261920955	0.8723609473807904	0.0
P-0001020-T01-IM3	T[C>G]C	0.5586292959540173	0.44137070404598266	0.0
P-0001020-T01-IM3	T[C>G]G	0.1241623318690171	0.8758376681309828	0.0
P-0001020-T01-IM3	T[C>G]T	0.4954031722876999	0.5045968277123	0.0
P-0001020-T01-IM3	T[C>T]A	0.5589577774761674	0.4410422225238327	0.0
P-0001020-T01-IM3	T[C>T]C	0.7616208623912833	0.2383791376087166	0.0
P-0001020-T01-IM3	T[C>T]G	0.9991991496342402	0.0008008503657598947	0.0
P-0001020-T01-IM3	T[C>T]T	0.3064898277107293	0.6935101722892707	0.0
P-0001020-T01-IM3	T[T>A]A	0.1885447555147402	0.8114552444852599	0.0
P-0001020-T01-IM3	T[T>A]C	0.029626130681329566	0.9703738693186704	0.0
P-0001020-T01-IM3	T[T>A]G	0.1337101366955698	0.8662898633044303	0.0
P-0001020-T01-IM3	T[T>A]T	0.49419183381203485	0.5058081661879652	0.0
P-0001020-T01-IM3	T[T>C]A	0.18629311950107072	0.8137068804989293	0.0
P-0001020-T01-IM3	T[T>C]C	0.08671609820096696	0.9132839017990331	0.0
P-0001020-T01-IM3	T[T>C]G	0.15564190061865554	0.8443580993813443	0.0
P-0001020-T01-IM3	T[T>C]T	0.16412104300017288	0.8358789569998271	0.0
P-0001020-T01-IM3	T[T>G]A	0.09910028740489121	0.9008997125951087	0.0
P-0001020-T01-IM3	T[T>G]C	0.17153492916558438	0.8284650708344157	0.0
P-0001020-T01-IM3	T[T>G]G	0.21920616822018935	0.7807938317798105	0.0
P-0001020-T01-IM3	T[T>G]T	0.608401131098652	0.3915988689013481	0.0
P-0001237-T02-IM6	A[C>A]A	0.013483997536743198	0.9865160024632568	0.0
P-0001237-T02-IM6	A[C>A]C	0.5506334560351774	0.44936654396482256	0.0
P-0001237-T02-IM6	A[C>A]G	0.14340775693939428	0.8565922430606057	0.0
P-0001237-T02-IM6	A[C>A]T	0.42677826208091074	0.5732217379190894	0.0
P-0001237-T02-IM6	A[C>G]A	0.4038123592796862	0.5961876407203139	0.0
P-0001237-T02-IM6	A[C>G]C	0.5571769064151847	0.44282309358481525	0.0
P-0001237-T02-IM6	A[C>G]G	0.7849193055425802	0.21508069445741987	0.0
P-0001237-T02-IM6	A[C>G]T	0.3032783027275918	0.6967216972724082	0.0
P-0001237-T02-IM6	A[C>T]A	0.6358823352057333	0.36411766479426655	0.0
P-0001237-T02-IM6	A[C>T]C	0.6445158921479388	0.35548410785206114	0.0
P-0001237-T02-IM6	A[C>T]G	0.968080829212211	0.03191917078778911	0.0
P-0001237-T02-IM6	A[C>T]T	0.7213880817463384	0.27861191825366155	0.0
P-0001237-T02-IM6	A[T>A]A	0.49284059083887194	0.5071594091611281	0.0
P-0001237-T02-IM6	A[T>A]C	0.04793051709691758	0.9520694829030824	0.0
P-0001237-T02-IM6	A[T>A]G	0.5821332648254623	0.41786673517453765	0.0
P-0001237-T02-IM6	A[T>A]T	0.17804213245978245	0.8219578675402175	0.0
P-0001237-T02-IM6	A[T>C]A	0.40147748481657397	0.598522515183426	0.0
P-0001237-T02-IM6	A[T>C]C	0.17937294533182624	0.8206270546681738	0.0
P-0001237-T02-IM6	A[T>C]G	0.3461209051188034	0.6538790948811967	0.0
P-0001237-T02-IM6	A[T>C]T	0.4843514959937657	0.5156485040062343	0.0
P-0001237-T02-IM6	A[T>G]A	0.5176011843194771	0.4823988156805228	0.0
P-0001237-T02-IM6	A[T>G]C	0.2220222544291247	0.7779777455708753	0.0
P-0001237-T02-IM6	A[T>G]G	0.5067390210841833	0.4932609789158167	0.0
P-0001237-T02-IM6	A[T>G]T	0.6045824244367746	0.39541757556322543	0.0
P-0001237-T02-IM6	C[C>A]A	0.18637533670254913	0.8136246632974509	0.0
P-0001237-T02-IM6	C[C>A]C	0.5510004712707487	0.44899952872925125	0.0
P-0001237-T02-IM6	C[C>A]G	0.1483953275290456	0.8516046724709544	0.0
P-0001237-T02-IM6	C[C>A]T	0.47468794415478316	0.5253120558452168	0.0
P-0001237-T02-IM6	C[C>G]A	0.7201328853200288	0.27986711467997116	0.0
P-0001237-T02-IM6	C[C>G]C	0.460563066963787	0.539436933036213	0.0
P-0001237-T02-IM6	C[C>G]G	0.6827860141026105	0.3172139858973895	0.0
P-0001237-T02-IM6	C[C>G]T	0.6581711597375377	0.34182884026246224	0.0
P-0001237-T02-IM6	C[C>T]A	0.432591810038333	0.567408189961667	0.0
P-0001237-T02-IM6	C[C>T]C	0.5246766073468656	0.4753233926531344	0.0
P-0001237-T02-IM6	C[C>T]G	0.9524913792678636	0.0475086207321364	0.0
P-0001237-T02-IM6	C[C>T]T	0.6884231837879767	0.3115768162120233	0.0
P-0001237-T02-IM6	C[T>A]A	0.7589916947951254	0.24100830520487457	0.0
P-0001237-T02-IM6	C[T>A]C	0.311441934716755	0.6885580652832449	0.0
P-0001237-T02-IM6	C[T>A]G	0.21329026634659165	0.7867097336534083	0.0
P-0001237-T02-IM6	C[T>A]T	0.2067773326155808	0.7932226673844193	0.0
P-0001237-T02-IM6	C[T>C]A	0.1452263970316987	0.8547736029683013	0.0
P-0001237-T02-IM6	C[T>C]C	0.39350504007344655	0.6064949599265536	0.0
P-0001237-T02-IM6	C[T>C]G	0.12614606804596984	0.8738539319540302	0.0
P-0001237-T02-IM6	C[T>C]T	0.11343692166425069	0.8865630783357493	0.0
P-0001237-T02-IM6	C[T>G]A	0.44747772200456465	0.5525222779954354	0.0
P-0001237-T02-IM6	C[T>G]C	0.23658047845891747	0.7634195215410826	0.0
P-0001237-T02-IM6	C[T>G]G	0.44442517512229	0.55557482487771	0.0
P-0001237-T02-IM6	C[T>G]T	0.6331115835279211	0.3668884164720789	0.0
P-0001237-T02-IM6	G[C>A]A	0.08015487945896149	0.9198451205410384	0.0
P-0001237-T02-IM6	G[C>A]C	0.45264606826434106	0.5473539317356589	0.0
P-0001237-T02-IM6	G[C>A]G	0.369831397691808	0.630168602308192	0.0
P-0001237-T02-IM6	G[C>A]T	0.45678289827642704	0.5432171017235728	0.0
P-0001237-T02-IM6	G[C>G]A	0.23589816383032503	0.7641018361696751	0.0
P-0001237-T02-IM6	G[C>G]C	0.2508989151069482	0.7491010848930519	0.0
P-0001237-T02-IM6	G[C>G]G	0.8216248971422423	0.17837510285775768	0.0
P-0001237-T02-IM6	G[C>G]T	0.7202486976152211	0.2797513023847789	0.0
P-0001237-T02-IM6	G[C>T]A	0.6205920264480946	0.37940797355190536	0.0
P-0001237-T02-IM6	G[C>T]C	0.6607617986413558	0.3392382013586443	0.0
P-0001237-T02-IM6	G[C>T]G	0.9528823177630605	0.04711768223693941	0.0
P-0001237-T02-IM6	G[C>T]T	0.6265981551187726	0.37340184488122746	0.0
P-0001237-T02-IM6	G[T>A]A	0.4424454460974483	0.5575545539025517	0.0
P-0001237-T02-IM6	G[T>A]C	0.5729543453960723	0.4270456546039277	0.0
P-0001237-T02-IM6	G[T>A]G	0.04679369901084194	0.9532063009891582	0.0
P-0001237-T02-IM6	G[T>A]T	0.2658876868634514	0.7341123131365487	0.0
P-0001237-T02-IM6	G[T>C]A	0.15179970046952085	0.8482002995304792	0.0
P-0001237-T02-IM6	G[T>C]C	0.4148463361438394	0.5851536638561606	0.0
P-0001237-T02-IM6	G[T>C]G	0.28369951260565485	0.7163004873943452	0.0
P-0001237-T02-IM6	G[T>C]T	0.22429851637757364	0.7757014836224264	0.0
P-0001237-T02-IM6	G[T>G]A	0.9958246922190518	0.004175307780948257	0.0
P-0001237-T02-IM6	G[T>G]C	0.7187869155397959	0.2812130844602041	0.0
P-0001237-T02-IM6	G[T>G]G	0.09210310645807875	0.9078968935419212	0.0
P-0001237-T02-IM6	G[T>G]T	0.12019394729873277	0.8798060527012672	0.0
P-0001237-T02-IM6	T[C>A]A	0.5498262729646103	0.45017372703538966	0.0
P-0001237-T02-IM6	T[C>A]C	0.5697761486924293	0.4302238513075708	0.0
P-0001237-T02-IM6	T[C>A]G	0.26522381181195764	0.7347761881880425	0.0
P-0001237-T02-IM6	T[C>A]T	0.008369173726039337	0.9916308262739606	0.0
P-0001237-T02-IM6	T[C>G]A	0.20043412109211645	0.7995658789078836	0.0
P-0001237-T02-IM6	T[C>G]C	0.6843886824455909	0.31561131755440913	0.0
P-0001237-T02-IM6	T[C>G]G	0.19541873710968288	0.8045812628903172	0.0
P-0001237-T02-IM6	T[C>G]T	0.6271537878220794	0.3728462121779206	0.0
P-0001237-T02-IM6	T[C>T]A	0.6846764000027693	0.3153235999972307	0.0
P-0001237-T02-IM6	T[C>T]C	0.8455347394747468	0.15446526052525333	0.0
P-0001237-T02-IM6	T[C>T]G	0.9995324089865798	0.00046759101342018586	0.0
P-0001237-T02-IM6	T[C>T]T	0.4309030309514761	0.5690969690485239	0.0
P-0001237-T02-IM6	T[T>A]A	0.2847378380607636	0.7152621619392364	0.0
P-0001237-T02-IM6	T[T>A]C	0.04970763796604908	0.9502923620339508	0.0
P-0001237-T02-IM6	T[T>A]G	0.20913758306819064	0.7908624169318094	0.0
P-0001237-T02-IM6	T[T>A]T	0.6260199698049121	0.37398003019508796	0.0
P-0001237-T02-IM6	T[T>C]A	0.28173629314196924	0.7182637068580309	0.0
P-0001237-T02-IM6	T[T>C]C	0.13991529639096478	0.8600847036090352	0.0
P-0001237-T02-IM6	T[T>C]G	0.2400135447238872	0.7599864552761127	0.0
P-0001237-T02-IM6	T[T>C]T	0.2517188452682733	0.7482811547317267	0.0
P-0001237-T02-IM6	T[T>G]A	0.15857782774170115	0.8414221722582987	0.0
P-0001237-T02-IM6	T[T>G]C	0.2618502036365313	0.7381497963634688	0.0
P-0001237-T02-IM6	T[T>G]G	0.32478124410419573	0.6752187558958044	0.0
P-0001237-T02-IM6	T[T>G]T	0.7269117300858307	0.27308826991416935	0.0
P-0001685-T02-IM3	A[C>A]A	1.0	0.0	0.0
P-0001685-T02-IM3	A[C>A]C	1.0	0.0	0.0
P-0001685-T02-IM3	A[C>A]G	1.0	0.0	0.0
P-0001685-T02-IM3	A[C>A]T	1.0	0.0	0.0
P-0001685-T02-IM3	A[C>G]A	1.0	0.0	0.0
P-0001685-T02-IM3	A[C>G]C	1.0	0.0	0.0
P-0001685-T02-IM3	A[C>G]G	1.0	0.0	0.0
P-0001685-T02-IM3	A[C>G]T	1.0	0.0	0.0
P-0001685-T02-IM3	A[C>T]A	1.0	0.0	0.0
P-0001685-T02-IM3	A[C>T]C	1.0	0.0	0.0
P-0001685-T02-IM3	A[C>T]G	1.0	0.0	0.0
P-0001685-T02-IM3	A[C>T]T	1.0	0.0	0.0
P-0001685-T02-IM3	A[T>A]A	1.0	0.0	0.0
P-0001685-T02-IM3	A[T>A]C	1.0	0.0	0.0
P-0001685-T02-IM3	A[T>A]G	1.0	0.0	0.0
P-0001685-T02-IM3	A[T>A]T	1.0	0.0	0.0
P-0001685-T02-IM3	A[T>C]A	1.0	0.0	0.0
P-0001685-T02-IM3	A[T>C]C	1.0	0.0	0.0
P-0001685-T02-IM3	A[T>C]G	1.0	0.0	0.0
P-0001685-T02-IM3	A[T>C]T	1.0	0.0	0.0
P-0001685-T02-IM3	A[T>G]A	1.0	0.0	0.0
P-0001685-T02-IM3	A[T>G]C	1.0	0.0	0.0
P-0001685-T02-IM3	A[T>G]G	1.0	0.0	0.0
P-0001685-T02-IM3	A[T>G]T	1.0	0.0	0.0
P-0001685-T02-IM3	C[C>A]A	1.0	0.0	0.0
P-0001685-T02-IM3	C[C>A]C	1.0	0.0	0.0
P-0001685-T02-IM3	C[C>A]G	1.0	0.0	0.0
P-0001685-T02-IM3	C[C>A]T	1.0	0.0	0.0
P-0001685-T02-IM3	C[C>G]A	1.0	0.0	0.0
P-0001685-T02-IM3	C[C>G]C	1.0	0.0	0.0
P-0001685-T02-IM3	C[C>G]G	1.0	0.0	0.0
P-0001685-T02-IM3	C[C>G]T	1.0	0.0	0.0
P-0001685-T02-IM3	C[C>T]A	1.0	0.0	0.0
P-0001685-T02-IM3	C[C>T]C	1.0	0.0	0.0
P-0001685-T02-IM3	C[C>T]G	1.0	0.0	0.0
P-0001685-T02-IM3	C[C>T]T	1.0	0.0	0.0
P-0001685-T02-IM3	C[T>A]A	1.0	0.0	0.0
P-0001685-T02-IM3	C[T>A]C	1.0	0.0	0.0
P-0001685-T02-IM3	C[T>A]G	1.0	0.0	0.0
P-0001685-T02-IM3	C[T>A]T	1.0	0.0	0.0
P-0001685-T02-IM3	C[T>C]A	1.0	0.0	0.0
P-0001685-T02-IM3	C[T>C]C	1.0	0.0	0.0
P-0001685-T02-IM3	C[T>C]G	1.0	0.0	0.0
P-0001685-T02-IM3	C[T>C]T	1.0	0.0	0.0
P-0001685-T02-IM3	C[T>G]A	1.0	0.0	0.0
P-0001685-T02-IM3	C[T>G]C	1.0	0.0	0.0
P-0001685-T02-IM3	C[T>G]G	1.0	0.0	0.0
P-0001685-T02-IM3	C[T>G]T	1.0	0.0	0.0
P-0001685-T02-IM3	G[C>A]A	1.0	0.0	0.0
P-0001685-T02-IM3	G[C>A]C	1.0	0.0	0.0
P-0001685-T02-IM3	G[C>A]G	1.0	0.0	0.0
P-0001685-T02-IM3	G[C>A]T	1.0	0.0	0.0
P-0001685-T02-IM3	G[C>G]A	1.0	0.0	0.0
P-0001685-T02-IM3	G[C>G]C	1.0	0.0	0.0
P-0001685-T02-IM3	G[C>G]G	1.0	0.0	0.0
P-0001685-T02-IM3	G[C>G]T	1.0	0.0	0.0
P-0001685-T02-IM3	G[C>T]A	1.0	0.0	0.0
P-0001685-T02-IM3	G[C>T]C	1.0	0.0	0.0
P-0001685-T02-IM3	G[C>T]G	1.0	0.0	0.0
P-0001685-T02-IM3	G[C>T]T	1.0	0.0	0.0
P-0001685-T02-IM3	G[T>A]A	1.0	0.0	0.0
P-0001685-T02-IM3	G[T>A]C	1.0	0.0	0.0
P-0001685-T02-IM3	G[T>A]G	1.0	0.0	0.0
P-0001685-T02-IM3	G[T>A]T	1.0	0.0	0.0
P-0001685-T02-IM3	G[T>C]A	1.0	0.0	0.0
P-0001685-T02-IM3	G[T>C]C	1.0	0.0	0.0
P-0001685-T02-IM3	G[T>C]G	1.0	0.0	0.0
P-0001685-T02-IM3	G[T>C]T	1.0	0.0	0.0
P-0001685-T02-IM3	G[T>G]A	1.0	0.0	0.0
P-0001685-T02-IM3	G[T>G]C	1.0	0.0	0.0
P-0001685-T02-IM3	G[T>G]G	1.0	0.0	0.0
P-0001685-T02-IM3	G[T>G]T	1.0	0.0	0.0
P-0001685-T02-IM3	T[C>A]A	1.0	0.0	0.0
P-0001685-T02-IM3	T[C>A]C	1.0	0.0	0.0
P-0001685-T02-IM3	T[C>A]G	1.0	0.0	0.0
P-0001685-T02-IM3	T[C>A]T	1.0	0.0	0.0
P-0001685-T02-IM3	T[C>G]A	1.0	0.0	0.0
P-0001685-T02-IM3	T[C>G]C	1.0	0.0	0.0
P-0001685-T02-IM3	T[C>G]G	1.0	0.0	0.0
P-0001685-T02-IM3	T[C>G]T	1.0	0.0	0.0
P-0001685-T02-IM3	T[C>T]A	1.0	0.0	0.0
P-0001685-T02-IM3	T[C>T]C	1.0	0.0	0.0
P-0001685-T02-IM3	T[C>T]G	1.0	0.0	0.0
P-0001685-T02-IM3	T[C>T]T	1.0	0.0	0.0
P-0001685-T02-IM3	T[T>A]A	1.0	0.0	0.0
P-0001685-T02-IM3	T[T>A]C	1.0	0.0	0.0
P-0001685-T02-IM3	T[T>A]G	1.0	0.0	0.0
P-0001685-T02-IM3	T[T>A]T	1.0	0.0	0.0
P-0001685-T02-IM3	T[T>C]A	1.0	0.0	0.0
P-0001685-T02-IM3	T[T>C]C	1.0	0.0	0.0
P-0001685-T02-IM3	T[T>C]G	1.0	0.0	0.0
P-0001685-T02-IM3	T[T>C]T	1.0	0.0	0.0
P-0001685-T02-IM3	T[T>G]A	1.0	0.0	0.0
P-0001685-T02-IM3	T[T>G]C	1.0	0.0	0.0
P-0001685-T02-IM3	T[T>G]G	1.0	0.0	0.0
P-0001685-T02-IM3	T[T>G]T	1.0	0.0	0.0
P-0002463-T01-IM3	A[C>A]A	0.0031945268315079515	0.8809367703552726	0.11586870281321937
P-0002463-T01-IM3	A[C>A]C	0.1974225878717562	0.6072782240398543	0.1952991880883894
P-0002463-T01-IM3	A[C>A]G	0.037593610646643245	0.8463855908468425	0.1160207985065142
P-0002463-T01-IM3	A[C>A]T	0.11493278517868784	0.5818580133566137	0.30320920146469854
P-0002463-T01-IM3	A[C>G]A	0.15102768843007627	0.8404515154685241	0.008520796101399587
P-0002463-T01-IM3	A[C>G]C	0.23297681869613923	0.6979150960211921	0.06910808528266882
P-0002463-T01-IM3	A[C>G]G	0.4919115834614684	0.508061394879597	2.7021658934625052e-05
P-0002463-T01-IM3	A[C>G]T	0.10322789095880941	0.8938564466630112	0.002915662378179373
P-0002463-T01-IM3	A[C>T]A	0.31662309085213414	0.6833769091478659	0.0
P-0002463-T01-IM3	A[C>T]C	0.31570807333490775	0.6563341098648277	0.027957816800264528
P-0002463-T01-IM3	A[C>T]G	0.874046396287521	0.108624351041697	0.017329252670781916
P-0002463-T01-IM3	A[C>T]T	0.3825472917343101	0.5568889324961492	0.06056377576954071
P-0002463-T01-IM3	A[T>A]A	0.196574836669621	0.7624628162423581	0.04096234708802074
P-0002463-T01-IM3	A[T>A]C	0.013180313637748875	0.9868133198645008	6.366497750297488e-06
P-0002463-T01-IM3	A[T>A]G	0.2539145326688158	0.6869983104646392	0.059087156866545046
P-0002463-T01-IM3	A[T>A]T	0.05285995893049323	0.9198273497247902	0.02731269134471661
P-0002463-T01-IM3	A[T>C]A	0.14518553596040415	0.8158219339704548	0.03899253006914107
P-0002463-T01-IM3	A[T>C]C	0.052437364236671266	0.9042374147151432	0.0433252210481856
P-0002463-T01-IM3	A[T>C]G	0.12252074845060072	0.8724328119708985	0.00504643957850077
P-0002463-T01-IM3	A[T>C]T	0.18794735930009027	0.7541922625287937	0.05786037817111609
P-0002463-T01-IM3	A[T>G]A	0.021705809229841652	0.07624997067397686	0.9020442200961815
P-0002463-T01-IM3	A[T>G]C	0.058563011081621506	0.7734759095559481	0.1679610793624304
P-0002463-T01-IM3	A[T>G]G	0.17068295964395086	0.6262320706906596	0.20308496966538964
P-0002463-T01-IM3	A[T>G]T	0.03162671654012154	0.07796636469435973	0.8904069187655188
P-0002463-T01-IM3	C[C>A]A	0.056393248939867746	0.927930623408401	0.015676127651731177
P-0002463-T01-IM3	C[C>A]C	0.24472112951907732	0.7516542390561363	0.003624631424786365
P-0002463-T01-IM3	C[C>A]G	0.04418772683700846	0.9558113805644513	8.925985402951396e-07
P-0002463-T01-IM3	C[C>A]T	0.18795687445563425	0.7840073031898763	0.02803582235448942
P-0002463-T01-IM3	C[C>G]A	0.40568467145176246	0.5942655476291154	4.97809191221417e-05
P-0002463-T01-IM3	C[C>G]C	0.18466973086538857	0.815267280593494	6.298854111742572e-05
P-0002463-T01-IM3	C[C>G]G	0.36348180634454674	0.6365068997068103	1.1293948642979644e-05
P-0002463-T01-IM3	C[C>G]T	0.20827548323539322	0.40771879495421126	0.3840057218103955
P-0002463-T01-IM3	C[C>T]A	0.16637559289366924	0.8225449700941132	0.011079437012217693
P-0002463-T01-IM3	C[C>T]C	0.22214502576991624	0.7585545319711486	0.019300442258935156
P-0002463-T01-IM3	C[C>T]G	0.8408494384009875	0.15808196827775095	0.0010685933212615964
P-0002463-T01-IM3	C[C>T]T	0.3557007838509555	0.6068022713076101	0.037496944841434315
P-0002463-T01-IM3	C[T>A]A	0.4254444640089968	0.5092025731896861	0.06535296280131707
P-0002463-T01-IM3	C[T>A]C	0.10380934713910547	0.8650728230836006	0.031117829777293913
P-0002463-T01-IM3	C[T>A]G	0.0662334057290902	0.920816943233855	0.012949651037054886
P-0002463-T01-IM3	C[T>A]T	0.06457150558876064	0.9336537116671052	0.0017747827441340525
P-0002463-T01-IM3	C[T>C]A	0.04291971583684198	0.9521713385284735	0.00490894563468467
P-0002463-T01-IM3	C[T>C]C	0.1443321783155306	0.8384801599951593	0.01718766168931009
P-0002463-T01-IM3	C[T>C]G	0.036864457731697275	0.9625553321593777	0.0005802101089249651
P-0002463-T01-IM3	C[T>C]T	0.03234860015320656	0.9529353280390908	0.014716071807702624
P-0002463-T01-IM3	C[T>G]A	0.06709737154664765	0.31227456385312224	0.6206280646002301
P-0002463-T01-IM3	C[T>G]C	0.07522005807035168	0.9148939326968816	0.0098860092327667
P-0002463-T01-IM3	C[T>G]G	0.16262520496814	0.7662747066052973	0.07110008842656268
P-0002463-T01-IM3	C[T>G]T	0.2355786988380479	0.5145676592804556	0.24985364188149653
P-0002463-T01-IM3	G[C>A]A	0.020735234149874125	0.8969049383415102	0.08235982750861578
P-0002463-T01-IM3	G[C>A]C	0.16464407473808612	0.7504267785154269	0.08492914674648691
P-0002463-T01-IM3	G[C>A]G	0.13464342215852967	0.864750558555586	0.0006060192858842568
P-0002463-T01-IM3	G[C>A]T	0.16802986822558572	0.7531869953774836	0.07878313639693078
P-0002463-T01-IM3	G[C>G]A	0.07270852983498374	0.887697044368357	0.039594425796659324
P-0002463-T01-IM3	G[C>G]C	0.079326804346516	0.8927180780586649	0.027955117594819102
P-0002463-T01-IM3	G[C>G]G	0.549958456500186	0.4500318569252286	9.686574585260402e-06
P-0002463-T01-IM3	G[C>G]T	0.4058428967803303	0.5941557608319739	1.3423876959053577e-06
P-0002463-T01-IM3	G[C>T]A	0.30065806521008925	0.6928286659790426	0.006513268810868098
P-0002463-T01-IM3	G[C>T]C	0.3252540273839062	0.629412314648512	0.045333657967581785
P-0002463-T01-IM3	G[C>T]G	0.8049506639792242	0.15002603847647344	0.045023297544302364
P-0002463-T01-IM3	G[C>T]T	0.2821729546167163	0.6338047080055081	0.08402233737777559
P-0002463-T01-IM3	G[T>A]A	0.16175159959331767	0.7682966681129704	0.06995173229371182
P-0002463-T01-IM3	G[T>A]C	0.2546088489848697	0.7152872944835187	0.03010385653161171
P-0002463-T01-IM3	G[T>A]G	0.012856633499945924	0.9871417465876661	1.6199123879485578e-06
P-0002463-T01-IM3	G[T>A]T	0.08534810807430639	0.8882002863658733	0.02645160555982039
P-0002463-T01-IM3	G[T>C]A	0.04404976763886552	0.9277348189288873	0.02821541343224727
P-0002463-T01-IM3	G[T>C]C	0.13969460440546033	0.7427027461045651	0.11760264948997469
P-0002463-T01-IM3	G[T>C]G	0.09360324085659613	0.8908001273117637	0.015596631831640166
P-0002463-T01-IM3	G[T>C]T	0.06602819039532111	0.8606971081385136	0.07327470146616519
P-0002463-T01-IM3	G[T>G]A	0.27062254341033226	0.004276833105995836	0.725100623483672
P-0002463-T01-IM3	G[T>G]C	0.26814519471056253	0.39541952261914354	0.3364352826702939
P-0002463-T01-IM3	G[T>G]G	0.024098400765059858	0.8953713671305097	0.08053023210443049
P-0002463-T01-IM3	G[T>G]T	0.02782027272142991	0.767570823292729	0.20460890398584117
P-0002463-T01-IM3	T[C>A]A	8.365727984001195e-05	0.0002581731797337813	0.9996581695404262
P-0002463-T01-IM3	T[C>A]C	0.2121940085625534	0.6039153427704902	0.18389064866695634
P-0002463-T01-IM3	T[C>A]G	0.06929393118186179	0.7235865563026731	0.2071195125154651
P-0002463-T01-IM3	T[C>A]T	8.381259596888198e-08	3.743082989989481e-05	0.9999624853575042
P-0002463-T01-IM3	T[C>G]A	0.06008556246435685	0.9034527729825524	0.03646166455309066
P-0002463-T01-IM3	T[C>G]C	0.33116565879831567	0.5756357682711482	0.09319857293053624
P-0002463-T01-IM3	T[C>G]G	0.0605317068542733	0.9393757832879547	9.250985777196556e-05
P-0002463-T01-IM3	T[C>G]T	0.2995697034723009	0.6712840109120536	0.02914628561564537
P-0002463-T01-IM3	T[C>T]A	0.3283651022461464	0.5700078552000789	0.10162704255377478
P-0002463-T01-IM3	T[C>T]C	0.40821940309710647	0.2810902208111617	0.3106903760917319
P-0002463-T01-IM3	T[C>T]G	0.473643117366365	0.0008351668239779756	0.5255217158096569
P-0002463-T01-IM3	T[C>T]T	0.08787008524994479	0.4374218763312758	0.4747080384187793
P-0002463-T01-IM3	T[T>A]A	0.0955253388636442	0.9044642020359276	1.0459100428167108e-05
P-0002463-T01-IM3	T[T>A]C	0.013253382466130937	0.9550224279984704	0.031724189535398656
P-0002463-T01-IM3	T[T>A]G	0.057285291823682825	0.8165160209193102	0.126198687257007
P-0002463-T01-IM3	T[T>A]T	0.2420642823000515	0.5450591879023259	0.21287652979762267
P-0002463-T01-IM3	T[T>C]A	0.09273240954480211	0.8910978557161153	0.016169734739082627
P-0002463-T01-IM3	T[T>C]C	0.03943919309813956	0.9138118295013422	0.046748977400518116
P-0002463-T01-IM3	T[T>C]G	0.07585604194497587	0.9053427060904405	0.018801251964583515
P-0002463-T01-IM3	T[T>C]T	0.07256915463593516	0.8131185495344291	0.11431229582963574
P-0002463-T01-IM3	T[T>G]A	0.0006552029214292426	0.013103884014280694	0.9862409130642901
P-0002463-T01-IM3	T[T>G]C	0.05221954371381449	0.5548522975638317	0.3929281587223537
P-0002463-T01-IM3	T[T>G]G	0.10667563483871274	0.8359330961851112	0.05739126897617597
P-0002463-T01-IM3	T[T>G]T	6.25718341468062e-05	8.860392937138964e-05	0.9998488242364818
P-0002671-T01-IM3	A[C>A]A	0.0012503444957421713	0.9851442795816923	0.013605375922565673
P-0002671-T01-IM3	A[C>A]C	0.09915287202422844	0.8714212011681317	0.029425926807639818
P-0002671-T01-IM3	A[C>A]G	0.015093929392304617	0.9709312777327326	0.013974792874962855
P-0002671-T01-IM3	A[C>A]T	0.061515759341754774	0.8897980170402169	0.048686223618028344
P-0002671-T01-IM3	A[C>G]A	0.05911355711373521	0.9398859086685386	0.0010005342177261366
P-0002671-T01-IM3	A[C>G]C	0.10364879210341105	0.8871275826395151	0.009223625257073924
P-0002671-T01-IM3	A[C>G]G	0.2531029540342954	0.7468928749346114	4.17103109331224e-06
P-0002671-T01-IM3	A[C>G]T	0.03883699754942233	0.9608339182130199	0.0003290842375578877
P-0002671-T01-IM3	A[C>T]A	0.13953510543579606	0.8604648945642039	0.0
P-0002671-T01-IM3	A[C>T]C	0.1435470122646581	0.8526394066994873	0.0038135810358545796
P-0002671-T01-IM3	A[C>T]G	0.7347394567373695	0.26089035682387524	0.004370186438755082
P-0002671-T01-IM3	A[C>T]T	0.19205842924279745	0.7988197310045979	0.009121839752604695
P-0002671-T01-IM3	A[T>A]A	0.08234091693969946	0.9125116125960642	0.005147470464236339
P-0002671-T01-IM3	A[T>A]C	0.0046529994812123405	0.9953463262561364	6.74262651332474e-07
P-0002671-T01-IM3	A[T>A]G	0.1136340696516478	0.8784329687785845	0.007932961569767718
P-0002671-T01-IM3	A[T>A]T	0.019656885839360375	0.9772961058016203	0.0030470083590193836
P-0002671-T01-IM3	A[T>C]A	0.058358933466746706	0.9369390227939395	0.004702043739313803
P-0002671-T01-IM3	A[T>C]C	0.01979537567259845	0.975297975952344	0.004906648375057495
P-0002671-T01-IM3	A[T>C]G	0.04682262205383204	0.952598812594365	0.0005785653518030297
P-0002671-T01-IM3	A[T>C]T	0.07963397035870569	0.9130113347032315	0.00735469493806282
P-0002671-T01-IM3	A[T>G]A	0.04254571660523937	0.4270232267054317	0.5304310566893288
P-0002671-T01-IM3	A[T>G]C	0.02525484191375779	0.9530155863209673	0.021729571765275037
P-0002671-T01-IM3	A[T>G]G	0.08446126931237356	0.8853901774542194	0.03014855323340698
P-0002671-T01-IM3	A[T>G]T	0.06064452569997515	0.4271463880357982	0.5122090862642266
P-0002671-T01-IM3	C[C>A]A	0.020791468206675476	0.9774746555804699	0.0017338762128546342
P-0002671-T01-IM3	C[C>A]C	0.10224865942372824	0.8972970107378744	0.0004543298383975045
P-0002671-T01-IM3	C[C>A]G	0.015923059588373534	0.9840768439171872	9.649443926844664e-08
P-0002671-T01-IM3	C[C>A]T	0.07714569143066546	0.9194021716257481	0.003452136943586358
P-0002671-T01-IM3	C[C>G]A	0.1928524651743138	0.8071404354401435	7.099385542711849e-06
P-0002671-T01-IM3	C[C>G]C	0.07345584282895676	0.926536640709594	7.516461449309593e-06
P-0002671-T01-IM3	C[C>G]G	0.1665761184686453	0.8334223287971372	1.5527342174715133e-06
P-0002671-T01-IM3	C[C>G]T	0.1399335907623145	0.7826660853616323	0.0774003238760532
P-0002671-T01-IM3	C[C>T]A	0.06602656960607907	0.9326543597183005	0.0013190706756204674
P-0002671-T01-IM3	C[C>T]C	0.09274460965007326	0.9048380344215081	0.002417355928418628
P-0002671-T01-IM3	C[C>T]G	0.6503930357578409	0.3493589986888274	0.00024796555333171785
P-0002671-T01-IM3	C[C>T]T	0.16932725038374324	0.8253177533474394	0.00535499626881739
P-0002671-T01-IM3	C[T>A]A	0.22392817474381393	0.7657524739103264	0.010319351345859677
P-0002671-T01-IM3	C[T>A]C	0.04016175209698934	0.9562265888383294	0.0036116590646812934
P-0002671-T01-IM3	C[T>A]G	0.024521592303662017	0.9740401029932512	0.0014383047030867933
P-0002671-T01-IM3	C[T>A]T	0.023629317897889062	0.9761758427285586	0.00019483937355240018
P-0002671-T01-IM3	C[T>C]A	0.015523164025258057	0.9839441970688745	0.0005326389058676366
P-0002671-T01-IM3	C[T>C]C	0.056708799400825405	0.9412652663890412	0.002025934210133357
P-0002671-T01-IM3	C[T>C]G	0.013226357108933825	0.986711191956716	6.245093435016054e-05
P-0002671-T01-IM3	C[T>C]T	0.011722903754271404	0.9866771961638803	0.0015999000818483092
P-0002671-T01-IM3	C[T>G]A	0.05857480580486176	0.7788860327211358	0.1625391614740025
P-0002671-T01-IM3	C[T>G]C	0.027940322959951823	0.9709580362097915	0.0011016408302565767
P-0002671-T01-IM3	C[T>G]G	0.06852248535249825	0.9224900613765437	0.008987453270958099
P-0002671-T01-IM3	C[T>G]T	0.13229346937216807	0.825613584258562	0.04209294636926985
P-0002671-T01-IM3	G[C>A]A	0.007950539036138921	0.9825756587552533	0.009473802208607702
P-0002671-T01-IM3	G[C>A]C	0.07053556768105913	0.9185490217498796	0.010915410569061333
P-0002671-T01-IM3	G[C>A]G	0.051675800341807035	0.9482544230635731	6.977659461990012e-05
P-0002671-T01-IM3	G[C>A]T	0.07169648642980325	0.9182187456728668	0.010084767897329936
P-0002671-T01-IM3	G[C>G]A	0.02774219734646119	0.9677255845901409	0.0045322180633979355
P-0002671-T01-IM3	G[C>G]C	0.03006697847606281	0.9667543005634369	0.0031787209605002053
P-0002671-T01-IM3	G[C>G]G	0.29957971570938796	0.7004187013158113	1.5829748008152207e-06
P-0002671-T01-IM3	G[C>G]T	0.1929432724850442	0.8070565360581061	1.9145684971677278e-07
P-0002671-T01-IM3	G[C>T]A	0.13174492717404893	0.8673988608451882	0.0008562119807628163
P-0002671-T01-IM3	G[C>T]C	0.15218876496608372	0.8414476488797584	0.0063635861541579625
P-0002671-T01-IM3	G[C>T]G	0.6454561939142619	0.3437131176084759	0.0108306884772623
P-0002671-T01-IM3	G[C>T]T	0.13321039598564857	0.8548898290884342	0.011899774925917204
P-0002671-T01-IM3	G[T>A]A	0.06802372229082433	0.9231509358455899	0.008825341863585724
P-0002671-T01-IM3	G[T>A]C	0.11034840020671723	0.8857374635546245	0.003914136238658336
P-0002671-T01-IM3	G[T>A]G	0.004537749421707307	0.9954620790538459	1.7152444693226238e-07
P-0002671-T01-IM3	G[T>A]T	0.0324394338471042	0.9645444180692367	0.003016148083659068
P-0002671-T01-IM3	G[T>C]A	0.01629550426739426	0.9805731439822791	0.0031313517503266464
P-0002671-T01-IM3	G[T>C]C	0.06081655349180128	0.9238238243082054	0.015359622199993228
P-0002671-T01-IM3	G[T>C]G	0.03540982811173101	0.962820124033431	0.0017700478548379633
P-0002671-T01-IM3	G[T>C]T	0.025922428965392603	0.9654473561263477	0.008630214908259621
P-0002671-T01-IM3	G[T>G]A	0.5408424257239659	0.024420864809542045	0.43473670946649207
P-0002671-T01-IM3	G[T>G]C	0.17890111632181596	0.7537600141100802	0.06733886956810388
P-0002671-T01-IM3	G[T>G]G	0.00924563892735353	0.9814854458110198	0.009268915261626756
P-0002671-T01-IM3	G[T>G]T	0.012189778110330314	0.9609146860626891	0.02689553582698045
P-0002671-T01-IM3	T[C>A]A	0.0002781911038432874	0.002452915445706409	0.9972688934504503
P-0002671-T01-IM3	T[C>A]C	0.10647853758735773	0.8658386722923794	0.027682790120262882
P-0002671-T01-IM3	T[C>A]G	0.03151414526422722	0.9402271271972629	0.028258727538509904
P-0002671-T01-IM3	T[C>A]T	2.792861581178665e-07	0.00035637032347692613	0.999643350390365
P-0002671-T01-IM3	T[C>G]A	0.0226539839057548	0.9732218874612508	0.004124128632994336
P-0002671-T01-IM3	T[C>G]C	0.1652689131377222	0.820777804166746	0.013953282695531836
P-0002671-T01-IM3	T[C>G]G	0.022055719247199523	0.9779341685080449	1.0112244755606733e-05
P-0002671-T01-IM3	T[C>G]T	0.13456138978529766	0.8615110120757105	0.003927598138991823
P-0002671-T01-IM3	T[C>T]A	0.16521954440545084	0.819440116238918	0.015340339355631163
P-0002671-T01-IM3	T[C>T]C	0.3129217615618826	0.6156300571052313	0.07144818133288605
P-0002671-T01-IM3	T[C>T]G	0.7474415556559945	0.0037655741045667826	0.24879287023943858
P-0002671-T01-IM3	T[C>T]T	0.05936930098928438	0.8444099510687362	0.09622074794197946
P-0002671-T01-IM3	T[T>A]A	0.0356476151306255	0.9643512139486812	1.170920693224865e-06
P-0002671-T01-IM3	T[T>A]C	0.004816948772276441	0.9917239992560962	0.003459051971627316
P-0002671-T01-IM3	T[T>A]G	0.023593148154593936	0.9608142403883468	0.015592611457059428
P-0002671-T01-IM3	T[T>A]T	0.1299158376621322	0.8358089288034322	0.03427523353443555
P-0002671-T01-IM3	T[T>C]A	0.03507838145377121	0.9630866350944838	0.0018349834517449874
P-0002671-T01-IM3	T[T>C]C	0.014802530311413093	0.9799336463141322	0.005263823374454726
P-0002671-T01-IM3	T[T>C]G	0.028429776674614743	0.9694562899556057	0.0021139333697795444
P-0002671-T01-IM3	T[T>C]T	0.02986312826924753	0.9560245835130992	0.01411228821765339
P-0002671-T01-IM3	T[T>G]A	0.001961878377409299	0.11210584370942409	0.8859322779131666
P-0002671-T01-IM3	T[T>G]C	0.02974811049357472	0.9030996159490223	0.06715227355740297
P-0002671-T01-IM3	T[T>G]G	0.042461795557287386	0.950684897217335	0.0068533072253776925
P-0002671-T01-IM3	T[T>G]T	0.0002083849747887696	0.0008430871192174013	0.9989485279059939
P-0003209-T01-IM5	A[C>A]A	1.0	0.0	0.0
P-0003209-T01-IM5	A[C>A]C	1.0	0.0	0.0
