Sample Names	MutationTypes	SBS96A	SBS96B	SBS96C
P-0000069-T01-IM3	A[C>A]A	0.05865428631373238	0.04379257816449566	0.897553135521772
P-0000069-T01-IM3	A[C>A]C	0.05623427973370186	0.00731286649974233	0.9364528537665558
P-0000069-T01-IM3	A[C>A]G	0.04733909741337852	0.019486735456917703	0.9331741671297038
P-0000069-T01-IM3	A[C>A]T	0.21186074858794995	0.05316869111900395	0.7349705602930461
P-0000069-T01-IM3	A[C>G]A	0.05462255440328607	0.10894203158754394	0.83643541400917
P-0000069-T01-IM3	A[C>G]C	0.05228757704280912	0.0910997224413751	0.8566127005158157
P-0000069-T01-IM3	A[C>G]G	9.990237913824465e-05	0.007173811451368391	0.9927262861694933
P-0000069-T01-IM3	A[C>G]T	0.013129656827241336	0.015379606142133365	0.9714907370306253
P-0000069-T01-IM3	A[C>T]A	5.276562741048859e-05	0.09341873022249285	0.9065285041500966
P-0000069-T01-IM3	A[C>T]C	0.017100455783173596	0.09143651860043146	0.8914630256163948
P-0000069-T01-IM3	A[C>T]G	0.03699594566220535	0.6233662333922301	0.33963782094556455
P-0000069-T01-IM3	A[C>T]T	0.06977552490735424	0.07413382577606584	0.8560906493165799
P-0000069-T01-IM3	A[T>A]A	0.02948066984203613	0.0332540006823469	0.937265329475617
P-0000069-T01-IM3	A[T>A]C	4.733026105685427e-06	0.019484402311395102	0.9805108646624993
P-0000069-T01-IM3	A[T>A]G	0.005186961734982237	0.003605028805285295	0.9912080094597325
P-0000069-T01-IM3	A[T>A]T	0.029331515854692507	0.04022659811906777	0.9304418860262397
P-0000069-T01-IM3	A[T>C]A	0.04772592455973906	0.02060446268703948	0.9316696127532215
P-0000069-T01-IM3	A[T>C]C	0.053304558510587616	0.015349591181710304	0.9313458503077021
P-0000069-T01-IM3	A[T>C]G	0.0006108612609001171	0.007877499196582342	0.9915116395425175
P-0000069-T01-IM3	A[T>C]T	0.023396228911663042	0.006390317521699208	0.9702134535666378
P-0000069-T01-IM3	A[T>G]A	0.6011355732398455	0.00770374016591313	0.3911606865942415
P-0000069-T01-IM3	A[T>G]C	0.11922276075235606	0.07480284014105223	0.8059743991065917
P-0000069-T01-IM3	A[T>G]G	0.2139160400918553	0.0803906479666159	0.7056933119415287
P-0000069-T01-IM3	A[T>G]T	0.4252955717421084	0.017580113370803195	0.5571243148870885
P-0000069-T01-IM3	C[C>A]A	0.05232243913225894	0.03752604479022636	0.9101515160775147
P-0000069-T01-IM3	C[C>A]C	0.0007100878280637711	0.007370676287439502	0.9919192358844967
P-0000069-T01-IM3	C[C>A]G	0.029830173750037464	0.1566007656364672	0.8135690606134954
P-0000069-T01-IM3	C[C>A]T	0.03158091816875145	0.14482140374806765	0.823597678083181
P-0000069-T01-IM3	C[C>G]A	2.7515862506059758e-05	0.07674217912321693	0.923230305014277
P-0000069-T01-IM3	C[C>G]C	0.03442987047005164	0.19703377781267845	0.76853635171727
P-0000069-T01-IM3	C[C>G]G	0.012245811379267517	0.007453494214114704	0.9803006944066178
P-0000069-T01-IM3	C[C>G]T	0.1482086932352428	0.0016562559006337112	0.8501350508641236
P-0000069-T01-IM3	C[C>T]A	0.0023919339545895417	0.07057309256370861	0.9270349734817018
P-0000069-T01-IM3	C[C>T]C	0.011698085495376521	0.10878475159063082	0.8795171629139927
P-0000069-T01-IM3	C[C>T]G	0.016529627518586068	0.5086028346238858	0.4748675378575282
P-0000069-T01-IM3	C[C>T]T	0.02563594295101523	0.08636262644327272	0.888001430605712
P-0000069-T01-IM3	C[T>A]A	3.0391520901734162e-05	0.053515291139478074	0.9464543173396202
P-0000069-T01-IM3	C[T>A]C	0.02379632345005143	0.08803985896357656	0.888163817586372
P-0000069-T01-IM3	C[T>A]G	0.009794796782377197	0.04400350754151892	0.9462016956761038
P-0000069-T01-IM3	C[T>A]T	0.034205079095658016	0.00804694488698414	0.9577479760173578
P-0000069-T01-IM3	C[T>C]A	1.3641844257012064e-05	0.023507488795080127	0.9764788693606629
P-0000069-T01-IM3	C[T>C]C	0.006774058395148499	0.01272876576124491	0.9804971758436066
P-0000069-T01-IM3	C[T>C]G	0.0024773060754381053	0.008880082749770615	0.9886426111747914
P-0000069-T01-IM3	C[T>C]T	0.006111577438034409	0.009755531771219341	0.9841328907907463
P-0000069-T01-IM3	C[T>G]A	0.3309297864778339	0.1796892183407541	0.48938099518141215
P-0000069-T01-IM3	C[T>G]C	0.032174582934650656	0.0019722142968275867	0.9658532027685218
P-0000069-T01-IM3	C[T>G]G	0.07830667051035597	0.0046873834603740104	0.91700594602927
P-0000069-T01-IM3	C[T>G]T	0.3862097600960253	0.08365927403674997	0.5301309658672246
P-0000069-T01-IM3	G[C>A]A	0.17867693525377182	0.20136352591381898	0.6199595388324092
P-0000069-T01-IM3	G[C>A]C	0.04210465111681281	0.13592344994457875	0.8219718989386084
P-0000069-T01-IM3	G[C>A]G	0.011364068912451487	0.06859251450288466	0.9200434165846639
P-0000069-T01-IM3	G[C>A]T	0.06629605691992889	0.2791630967118013	0.6545408463682698
P-0000069-T01-IM3	G[C>G]A	0.053541963358778664	0.01190441559268016	0.9345536210485412
P-0000069-T01-IM3	G[C>G]C	0.036587591197413276	0.021223014683184476	0.9421893941194022
P-0000069-T01-IM3	G[C>G]G	0.014530129539282228	0.011917395408778824	0.973552475051939
P-0000069-T01-IM3	G[C>G]T	0.008260095057526841	0.05321859720373774	0.9385213077387354
P-0000069-T01-IM3	G[C>T]A	0.0	0.10454209984727586	0.8954579001527242
P-0000069-T01-IM3	G[C>T]C	0.0443082427513414	0.18779554604477508	0.7678962112038836
P-0000069-T01-IM3	G[C>T]G	0.08893595258205315	0.7999559347128629	0.11110811270508411
P-0000069-T01-IM3	G[C>T]T	0.06064795888211674	0.18498037430015976	0.7543716668177236
P-0000069-T01-IM3	G[T>A]A	0.0019157465659669498	0.002803788267146827	0.9952804651668862
P-0000069-T01-IM3	G[T>A]C	0.0002736028904672925	0.07562076136594795	0.9241056357435847
P-0000069-T01-IM3	G[T>A]G	0.0038310872221416644	0.0018107393301544591	0.9943581734477038
P-0000069-T01-IM3	G[T>A]T	0.018380390936106918	0.03166005658498048	0.9499595524789125
P-0000069-T01-IM3	G[T>C]A	0.047149701966127236	0.08282179853807359	0.8700284994957992
P-0000069-T01-IM3	G[T>C]C	0.14921312930741365	0.12171212798496504	0.7290747427076213
P-0000069-T01-IM3	G[T>C]G	0.023046725988796715	0.06233938998178596	0.9146138840294175
P-0000069-T01-IM3	G[T>C]T	0.15322003242059634	0.050390715377900554	0.7963892522015031
P-0000069-T01-IM3	G[T>G]A	0.028513034443691753	0.022333707520223473	0.9491532580360847
P-0000069-T01-IM3	G[T>G]C	0.07076963647174075	0.06717128438834732	0.862059079139912
P-0000069-T01-IM3	G[T>G]G	0.01987708713828843	0.05775589143715039	0.9223670214245611
P-0000069-T01-IM3	G[T>G]T	0.09599427983278533	0.05164454876693976	0.8523611714002748
P-0000069-T01-IM3	T[C>A]A	0.7524161230776003	6.346278756358207e-06	0.24757753064364338
P-0000069-T01-IM3	T[C>A]C	0.1481952907454363	0.04873502098619032	0.8030696882683734
P-0000069-T01-IM3	T[C>A]G	0.15810119958729918	0.006161767630595463	0.8357370327821053
P-0000069-T01-IM3	T[C>A]T	0.9999098962424168	2.5699066621565428e-05	6.440469096161478e-05
P-0000069-T01-IM3	T[C>G]A	0.00291790260571391	0.054439306539933174	0.9426427908543529
P-0000069-T01-IM3	T[C>G]C	2.6269391162607776e-05	0.011307607924290631	0.9886661226845468
P-0000069-T01-IM3	T[C>G]G	0.0005483913578695345	0.005311694420605215	0.9941399142215253
P-0000069-T01-IM3	T[C>G]T	0.015881296919857683	0.37583691295198235	0.60828179012816
P-0000069-T01-IM3	T[C>T]A	0.05186331192617309	0.09827433531664732	0.8498623527571796
P-0000069-T01-IM3	T[C>T]C	0.2850115022778114	0.14188973701023538	0.5730987607119531
P-0000069-T01-IM3	T[C>T]G	0.7951421193442438	0.2048567927605145	1.0878952417150093e-06
P-0000069-T01-IM3	T[C>T]T	0.5753241469086677	0.15459099401014323	0.270084859081189
P-0000069-T01-IM3	T[T>A]A	0.004182867833104967	0.02127940582855767	0.9745377263383374
P-0000069-T01-IM3	T[T>A]C	0.23938093973995428	0.2853866204254039	0.4752324398346418
P-0000069-T01-IM3	T[T>A]G	0.059567315122722814	0.03767285172303544	0.9027598331542418
P-0000069-T01-IM3	T[T>A]T	0.29889900703024164	0.018075292091223223	0.6830257008785351
P-0000069-T01-IM3	T[T>C]A	0.03563306439158269	0.03380480922763444	0.930562126380783
P-0000069-T01-IM3	T[T>C]C	0.10116696578384105	0.00505602715336686	0.8937770070627922
P-0000069-T01-IM3	T[T>C]G	0.02249056227643297	0.020171351468548673	0.9573380862550184
P-0000069-T01-IM3	T[T>C]T	0.15395090766366243	0.006418171547612006	0.8396309207887257
P-0000069-T01-IM3	T[T>G]A	0.7011335812116714	0.015085292158552413	0.2837811266297762
P-0000069-T01-IM3	T[T>G]C	0.9893325527363551	0.0031589903363572025	0.007508456927287604
P-0000069-T01-IM3	T[T>G]G	0.24145772469890733	0.008544439903543628	0.749997835397549
P-0000069-T01-IM3	T[T>G]T	0.9995952131692314	2.8944451222672734e-05	0.00037584237954589936
P-0000448-T01-IM3	A[C>A]A	0.0	0.27223232325868046	0.7277676767413195
P-0000448-T01-IM3	A[C>A]C	0.0	0.05648794338243557	0.9435120566175644
P-0000448-T01-IM3	A[C>A]G	0.0	0.1380030519826329	0.8619969480173671
P-0000448-T01-IM3	A[C>A]T	0.0	0.3567544491559391	0.643245550844061
P-0000448-T01-IM3	A[C>G]A	0.0	0.4996371350816016	0.5003628649183983
P-0000448-T01-IM3	A[C>G]C	0.0	0.449139218985453	0.5508607810145469
P-0000448-T01-IM3	A[C>G]G	0.0	0.052493922066541125	0.9475060779334589
P-0000448-T01-IM3	A[C>G]T	0.0	0.10823407382540859	0.8917659261745914
P-0000448-T01-IM3	A[C>T]A	0.0	0.4413589412157583	0.5586410587842416
P-0000448-T01-IM3	A[C>T]C	0.0	0.4402032820914699	0.5597967179085301
P-0000448-T01-IM3	A[C>T]G	0.0	0.9336486641274223	0.0663513358725777
P-0000448-T01-IM3	A[C>T]T	0.0	0.39900265985018063	0.6009973401498193
P-0000448-T01-IM3	A[T>A]A	0.0	0.2138438429644724	0.7861561570355277
P-0000448-T01-IM3	A[T>A]C	0.0	0.1322077796773676	0.8677922203226324
P-0000448-T01-IM3	A[T>A]G	0.0	0.027127297829110348	0.9728727021708896
P-0000448-T01-IM3	A[T>A]T	0.0	0.24894455604022123	0.7510554439597789
P-0000448-T01-IM3	A[T>C]A	0.0	0.14497261387848343	0.8550273861215166
P-0000448-T01-IM3	A[T>C]C	0.0	0.1121804354913162	0.8878195645086838
P-0000448-T01-IM3	A[T>C]G	0.0	0.057414038884737346	0.9425859611152626
P-0000448-T01-IM3	A[T>C]T	0.0	0.04806922223927564	0.9519307777607243
P-0000448-T01-IM3	A[T>G]A	0.0	0.13118398662675634	0.8688160133732437
P-0000448-T01-IM3	A[T>G]C	0.0	0.4157331566852833	0.5842668433147167
P-0000448-T01-IM3	A[T>G]G	0.0	0.46620138052808774	0.5337986194719123
P-0000448-T01-IM3	A[T>G]T	0.0	0.19479673267462855	0.8052032673253715
P-0000448-T01-IM3	C[C>A]A	0.0	0.24017981403177863	0.7598201859682213
P-0000448-T01-IM3	C[C>A]C	0.0	0.05389834252608792	0.9461016574739121
P-0000448-T01-IM3	C[C>A]G	0.0	0.5960782510512477	0.4039217489487524
P-0000448-T01-IM3	C[C>A]T	0.0	0.5741249485665438	0.42587505143345616
P-0000448-T01-IM3	C[C>G]A	0.0	0.3892311207269458	0.6107688792730542
P-0000448-T01-IM3	C[C>G]C	0.0	0.6627937820460986	0.3372062179539013
P-0000448-T01-IM3	C[C>G]G	0.0	0.05508099461440228	0.9449190053855977
P-0000448-T01-IM3	C[C>G]T	0.0	0.014716592569990423	0.9852834074300095
P-0000448-T01-IM3	C[C>T]A	0.0	0.36854580078480403	0.631454199215196
P-0000448-T01-IM3	C[C>T]C	0.0	0.48672312749779717	0.5132768725022028
P-0000448-T01-IM3	C[C>T]G	0.0	0.8914379037382407	0.10856209626175924
P-0000448-T01-IM3	C[C>T]T	0.0	0.4271383169058355	0.5728616830941645
P-0000448-T01-IM3	C[T>A]A	0.0	0.3024046156249284	0.6975953843750715
P-0000448-T01-IM3	C[T>A]C	0.0	0.4318064595677452	0.5681935404322548
P-0000448-T01-IM3	C[T>A]G	0.0	0.2628312815969493	0.7371687184030506
P-0000448-T01-IM3	C[T>A]T	0.0	0.06051672515695698	0.939483274843043
P-0000448-T01-IM3	C[T>C]A	0.0	0.1558084387552788	0.8441915612447213
P-0000448-T01-IM3	C[T>C]C	0.0	0.09051907807842824	0.9094809219215717
P-0000448-T01-IM3	C[T>C]G	0.0	0.06442617279315738	0.9355738272068427
P-0000448-T01-IM3	C[T>C]T	0.0	0.07063048750727555	0.9293695124927245
P-0000448-T01-IM3	C[T>G]A	0.0	0.7378781834996526	0.2621218165003473
P-0000448-T01-IM3	C[T>G]C	0.0	0.015413575818540918	0.9845864241814591
P-0000448-T01-IM3	C[T>G]G	0.0	0.03771119930895993	0.9622888006910401
P-0000448-T01-IM3	C[T>G]T	0.0	0.5474840045524286	0.4525159954475715
P-0000448-T01-IM3	G[C>A]A	0.0	0.7134786729703734	0.28652132702962657
P-0000448-T01-IM3	G[C>A]C	0.0	0.5590401774031633	0.44095982259683675
P-0000448-T01-IM3	G[C>A]G	0.0	0.3636965924016563	0.6363034075983437
P-0000448-T01-IM3	G[C>A]T	0.0	0.7657997371659786	0.2342002628340215
P-0000448-T01-IM3	G[C>G]A	0.0	0.08896991127954061	0.9110300887204594
P-0000448-T01-IM3	G[C>G]C	0.0	0.14726210604662385	0.8527378939533761
P-0000448-T01-IM3	G[C>G]G	0.0	0.08579683832776715	0.9142031616722329
P-0000448-T01-IM3	G[C>G]T	0.0	0.3030077886680798	0.69699221133192
P-0000448-T01-IM3	G[C>T]A	0.0	0.47231249721166263	0.5276875027883373
P-0000448-T01-IM3	G[C>T]C	0.0	0.6521676828843184	0.3478323171156816
P-0000448-T01-IM3	G[C>T]G	0.0	0.9822059146346446	0.017794085365355497
P-0000448-T01-IM3	G[C>T]T	0.0	0.65277204592084	0.34722795407916
P-0000448-T01-IM3	G[T>A]A	0.0	0.021141044186622583	0.9788589558133775
P-0000448-T01-IM3	G[T>A]C	0.0	0.3855128254055663	0.6144871745944338
P-0000448-T01-IM3	G[T>A]G	0.0	0.013768872357406398	0.9862311276425936
P-0000448-T01-IM3	G[T>A]T	0.0	0.20351288402673615	0.7964871159732639
P-0000448-T01-IM3	G[T>C]A	0.0	0.4219062919540643	0.5780937080459356
P-0000448-T01-IM3	G[T>C]C	0.0	0.5613799308310691	0.4386200691689308
P-0000448-T01-IM3	G[T>C]G	0.0	0.34320892986377544	0.6567910701362246
P-0000448-T01-IM3	G[T>C]T	0.0	0.3266448933725892	0.6733551066274109
P-0000448-T01-IM3	G[T>G]A	0.0	0.15282791847724386	0.8471720815227561
P-0000448-T01-IM3	G[T>G]C	0.0	0.3739762451228513	0.6260237548771486
P-0000448-T01-IM3	G[T>G]G	0.0	0.3243535245974657	0.6756464754025343
P-0000448-T01-IM3	G[T>G]T	0.0	0.31718391441210636	0.6828160855878936
P-0000448-T01-IM3	T[C>A]A	0.0	0.00019648488995955996	0.9998035151100405
P-0000448-T01-IM3	T[C>A]C	0.0	0.3175266602836341	0.6824733397163658
P-0000448-T01-IM3	T[C>A]G	0.0	0.05350105954889775	0.9464989404511022
P-0000448-T01-IM3	T[C>A]T	0.0	0.7536454231386113	0.24635457686138873
P-0000448-T01-IM3	T[C>G]A	0.0	0.3068858088886157	0.6931141911113843
P-0000448-T01-IM3	T[C>G]C	0.0	0.08061657439794602	0.9193834256020539
P-0000448-T01-IM3	T[C>G]G	0.0	0.03935109700994672	0.9606489029900532
P-0000448-T01-IM3	T[C>G]T	0.0	0.8256921462172018	0.17430785378279828
P-0000448-T01-IM3	T[C>T]A	0.0	0.4699289444464204	0.5300710555535796
P-0000448-T01-IM3	T[C>T]C	0.0	0.6549510308320404	0.3450489691679596
P-0000448-T01-IM3	T[C>T]G	0.0	0.9999993073245015	6.92675498584975e-07
P-0000448-T01-IM3	T[C>T]T	0.0	0.814410698386507	0.18558930161349296
P-0000448-T01-IM3	T[T>A]A	0.0	0.14339896511081643	0.8566010348891835
P-0000448-T01-IM3	T[T>A]C	0.0	0.8215556251580953	0.17844437484190465
P-0000448-T01-IM3	T[T>A]G	0.0	0.2423873994259483	0.7576126005740518
P-0000448-T01-IM3	T[T>A]T	0.0	0.1686669224002438	0.8313330775997562
P-0000448-T01-IM3	T[T>C]A	0.0	0.21783908652669312	0.7821609134733069
P-0000448-T01-IM3	T[T>C]C	0.0	0.04156698881691029	0.9584330111830897
P-0000448-T01-IM3	T[T>C]G	0.0	0.13907292998207266	0.8609270700179273
P-0000448-T01-IM3	T[T>C]T	0.0	0.05535996729896544	0.9446400327010345
P-0000448-T01-IM3	T[T>G]A	0.0	0.2895437228641052	0.7104562771358948
P-0000448-T01-IM3	T[T>G]C	0.0	0.763344585801355	0.23665541419864508
P-0000448-T01-IM3	T[T>G]G	0.0	0.08032735039814315	0.9196726496018569
P-0000448-T01-IM3	T[T>G]T	0.0	0.3712380078175578	0.6287619921824421
P-0000558-T01-IM3	A[C>A]A	0.0	0.08890645816278901	0.9110935418372109
P-0000558-T01-IM3	A[C>A]C	0.0	0.015378048883653924	0.9846219511163461
P-0000558-T01-IM3	A[C>A]G	0.0	0.04009007417049335	0.9599099258295067
P-0000558-T01-IM3	A[C>A]T	0.0	0.12639531479768817	0.8736046852023119
P-0000558-T01-IM3	A[C>G]A	0.0	0.20665848245257207	0.793341517547428
P-0000558-T01-IM3	A[C>G]C	0.0	0.1753921011511132	0.8246078988488869
P-0000558-T01-IM3	A[C>G]G	0.0	0.014246842037596403	0.9857531579624036
P-0000558-T01-IM3	A[C>G]T	0.0	0.030690160977601248	0.9693098390223988
P-0000558-T01-IM3	A[C>T]A	0.0	0.17088282102706495	0.8291171789729349
P-0000558-T01-IM3	A[C>T]C	0.0	0.17021958354568356	0.8297804164543164
P-0000558-T01-IM3	A[C>T]G	0.0	0.785902557824907	0.214097442175093
P-0000558-T01-IM3	A[C>T]T	0.0	0.1476242606088771	0.8523757393911229
P-0000558-T01-IM3	A[T>A]A	0.0	0.06625798805494913	0.933742011945051
P-0000558-T01-IM3	A[T>A]C	0.0	0.03822420965992333	0.9617757903400767
P-0000558-T01-IM3	A[T>A]G	0.0	0.0072214815099724125	0.9927785184900276
P-0000558-T01-IM3	A[T>A]T	0.0	0.07958609914089476	0.9204139008591052
P-0000558-T01-IM3	A[T>C]A	0.0	0.04235772890355076	0.9576422710964492
P-0000558-T01-IM3	A[T>C]C	0.0	0.031910338207541265	0.9680896617924587
P-0000558-T01-IM3	A[T>C]G	0.0	0.015641338449820377	0.9843586615501797
P-0000558-T01-IM3	A[T>C]T	0.0	0.013001741507388273	0.9869982584926117
P-0000558-T01-IM3	A[T>G]A	0.0	0.03789642570474049	0.9621035742952595
P-0000558-T01-IM3	A[T>G]C	0.0	0.1565600659840149	0.8434399340159852
P-0000558-T01-IM3	A[T>G]G	0.0	0.18555800074463463	0.8144419992553654
P-0000558-T01-IM3	A[T>G]T	0.0	0.05936374203675985	0.9406362579632401
P-0000558-T01-IM3	C[C>A]A	0.0	0.07617926807152643	0.9238207319284736
P-0000558-T01-IM3	C[C>A]C	0.0	0.014643816142081835	0.9853561838579181
P-0000558-T01-IM3	C[C>A]G	0.0	0.27796388504298375	0.7220361149570163
P-0000558-T01-IM3	C[C>A]T	0.0	0.26017990833796245	0.7398200916620375
P-0000558-T01-IM3	C[C>G]A	0.0	0.14254877683343098	0.8574512231665691
P-0000558-T01-IM3	C[C>G]C	0.0	0.33895254706831346	0.6610474529316864
P-0000558-T01-IM3	C[C>G]G	0.0	0.014978771451770628	0.9850212285482294
P-0000558-T01-IM3	C[C>G]T	0.0	0.0038813302025518235	0.9961186697974482
P-0000558-T01-IM3	C[C>T]A	0.0	0.13213693575273688	0.8678630642472632
P-0000558-T01-IM3	C[C>T]C	0.0	0.19831569365037857	0.8016843063496214
P-0000558-T01-IM3	C[C>T]G	0.0	0.6817397862275163	0.3182602137724838
P-0000558-T01-IM3	C[C>T]T	0.0	0.16283671899143487	0.8371632810085651
P-0000558-T01-IM3	C[T>A]A	0.0	0.10159669333438717	0.8984033066656129
P-0000558-T01-IM3	C[T>A]C	0.0	0.16545058724945894	0.8345494127505412
P-0000558-T01-IM3	C[T>A]G	0.0	0.08509599094213575	0.9149040090578643
P-0000558-T01-IM3	C[T>A]T	0.0	0.016526183910660564	0.9834738160893394
P-0000558-T01-IM3	C[T>C]A	0.0	0.04593576964847082	0.9540642303515292
P-0000558-T01-IM3	C[T>C]C	0.0	0.025306836715487505	0.9746931632845125
P-0000558-T01-IM3	C[T>C]G	0.0	0.017647174581761255	0.9823528254182388
P-0000558-T01-IM3	C[T>C]T	0.0	0.019440224253033753	0.9805597757469663
P-0000558-T01-IM3	C[T>G]A	0.0	0.42341613322955096	0.576583866770449
P-0000558-T01-IM3	C[T>G]C	0.0	0.004067269774741388	0.9959327302252585
P-0000558-T01-IM3	C[T>G]G	0.0	0.010119777743315158	0.9898802222566848
P-0000558-T01-IM3	C[T>G]T	0.0	0.2399005873960938	0.7600994126039062
P-0000558-T01-IM3	G[C>A]A	0.0	0.39379322610235445	0.6062067738976455
P-0000558-T01-IM3	G[C>A]C	0.0	0.24853010405424825	0.7514698959457518
P-0000558-T01-IM3	G[C>A]G	0.0	0.1297591164690572	0.8702408835309428
P-0000558-T01-IM3	G[C>A]T	0.0	0.46033586131536	0.53966413868464
P-0000558-T01-IM3	G[C>G]A	0.0	0.02484324289819886	0.9751567571018012
P-0000558-T01-IM3	G[C>G]C	0.0	0.04310837123460686	0.9568916287653932
P-0000558-T01-IM3	G[C>G]G	0.0	0.023897227920570138	0.9761027720794297
P-0000558-T01-IM3	G[C>G]T	0.0	0.10185781941471085	0.8981421805852892
P-0000558-T01-IM3	G[C>T]A	0.0	0.18929491209385466	0.8107050879061454
P-0000558-T01-IM3	G[C>T]C	0.0	0.3284610952896331	0.6715389047103669
P-0000558-T01-IM3	G[C>T]G	0.0	0.9350632290297882	0.0649367709702117
P-0000558-T01-IM3	G[C>T]T	0.0	0.32904925938897056	0.6709507406110294
P-0000558-T01-IM3	G[T>A]A	0.0	0.005602601190801143	0.994397398809199
P-0000558-T01-IM3	G[T>A]C	0.0	0.14064436916010542	0.8593556308398946
P-0000558-T01-IM3	G[T>A]G	0.0	0.0036288101191836327	0.9963711898808164
P-0000558-T01-IM3	G[T>A]T	0.0	0.06249026336614846	0.9375097366338515
P-0000558-T01-IM3	G[T>C]A	0.0	0.15993826388141974	0.8400617361185803
P-0000558-T01-IM3	G[T>C]C	0.0	0.2503079759474812	0.7496920240525188
P-0000558-T01-IM3	G[T>C]G	0.0	0.11996503418445466	0.8800349658155453
P-0000558-T01-IM3	G[T>C]T	0.0	0.11233250558700794	0.8876674944129921
P-0000558-T01-IM3	G[T>G]A	0.0	0.044945145789905716	0.9550548542100943
P-0000558-T01-IM3	G[T>G]C	0.0	0.13482772640691013	0.8651722735930898
P-0000558-T01-IM3	G[T>G]G	0.0	0.11129602261444645	0.8887039773855535
P-0000558-T01-IM3	G[T>G]T	0.0	0.10808252861067973	0.8919174713893202
P-0000558-T01-IM3	T[C>A]A	0.0	5.126437283593493e-05	0.999948735627164
P-0000558-T01-IM3	T[C>A]C	0.0	0.10823513799476966	0.8917648620052303
P-0000558-T01-IM3	T[C>A]G	0.0	0.014531432925391916	0.9854685670746081
P-0000558-T01-IM3	T[C>A]T	0.0	0.4438417939812606	0.5561582060187393
P-0000558-T01-IM3	T[C>G]A	0.0	0.10354388666983097	0.8964561133301691
P-0000558-T01-IM3	T[C>G]C	0.0	0.022362932041626343	0.9776370679583737
P-0000558-T01-IM3	T[C>G]G	0.0	0.010573026312593268	0.9894269736874067
P-0000558-T01-IM3	T[C>G]T	0.0	0.5527193807229432	0.44728061927705687
P-0000558-T01-IM3	T[C>T]A	0.0	0.1878312309788726	0.8121687690211274
P-0000558-T01-IM3	T[C>T]C	0.0	0.33117829642281227	0.6688217035771877
P-0000558-T01-IM3	T[C>T]G	0.0	0.9999973447491333	2.6552508667652867e-06
P-0000558-T01-IM3	T[C>T]T	0.0	0.5337470797221789	0.4662529202778211
P-0000558-T01-IM3	T[T>A]A	0.0	0.04184343380127169	0.9581565661987284
P-0000558-T01-IM3	T[T>A]C	0.0	0.545669350931994	0.4543306490680061
P-0000558-T01-IM3	T[T>A]G	0.0	0.07703228396800262	0.9229677160319973
P-0000558-T01-IM3	T[T>A]T	0.0	0.050266652187204844	0.9497333478127952
P-0000558-T01-IM3	T[T>C]A	0.0	0.06773345248955494	0.932266547510445
P-0000558-T01-IM3	T[T>C]C	0.0	0.011187273680923251	0.9888127263190767
P-0000558-T01-IM3	T[T>C]G	0.0	0.04043648366705081	0.9595635163329491
P-0000558-T01-IM3	T[T>C]T	0.0	0.015057872177683392	0.9849421278223166
P-0000558-T01-IM3	T[T>G]A	0.0	0.09609944225533948	0.9039005577446606
P-0000558-T01-IM3	T[T>G]C	0.0	0.4569492775719385	0.5430507224280615
P-0000558-T01-IM3	T[T>G]G	0.0	0.022277637545226478	0.9777223624547736
P-0000558-T01-IM3	T[T>G]T	0.0	0.1334672061917683	0.8665327938082318
P-0000614-T01-IM3	A[C>A]A	0.014808546251806437	0.02211277163159181	0.9630786821166017
P-0000614-T01-IM3	A[C>A]C	0.013882317801144134	0.0036105925875644035	0.9825070896112915
P-0000614-T01-IM3	A[C>A]G	0.011682023777453506	0.009617610786483825	0.9787003654360628
P-0000614-T01-IM3	A[C>A]T	0.061554806230563586	0.03089565671013703	0.9075495370592993
P-0000614-T01-IM3	A[C>G]A	0.014271611607988666	0.056928072280307905	0.9288003161117034
P-0000614-T01-IM3	A[C>G]C	0.013493251398409274	0.04701810742618191	0.9394886411754089
P-0000614-T01-IM3	A[C>G]G	2.3597867275733998e-05	0.003389041421251311	0.9965873607114729
P-0000614-T01-IM3	A[C>G]T	0.0031465429415595846	0.007371493678355935	0.9894819633800844
P-0000614-T01-IM3	A[C>T]A	1.306197454285583e-05	0.046251059103281464	0.9537358789221757
P-0000614-T01-IM3	A[C>T]C	0.004287234652845798	0.04584787868228361	0.9498648866648706
P-0000614-T01-IM3	A[C>T]G	0.013565595786536289	0.4571492469140223	0.5292851572994415
P-0000614-T01-IM3	A[C>T]T	0.018093302148433806	0.0384468826559651	0.9434598151956012
P-0000614-T01-IM3	A[T>A]A	0.007226776788056194	0.016303512880058182	0.9764697103318857
P-0000614-T01-IM3	A[T>A]C	1.1252646851782216e-06	0.009264732263564253	0.9907341424717506
P-0000614-T01-IM3	A[T>A]G	0.0012276742257926517	0.0017065099661869743	0.9970658158080205
P-0000614-T01-IM3	A[T>A]T	0.007217111572513361	0.019795761545104214	0.9729871268823824
P-0000614-T01-IM3	A[T>C]A	0.011788455626875617	0.01017873603675274	0.9780328083363716
P-0000614-T01-IM3	A[T>C]C	0.013186939596525478	0.007594627454024197	0.9792184329494503
P-0000614-T01-IM3	A[T>C]G	0.00014440173453315463	0.003724330287678926	0.996131267977788
P-0000614-T01-IM3	A[T>C]T	0.005624655897705806	0.003072575266069517	0.9913027688362247
P-0000614-T01-IM3	A[T>G]A	0.26377442357083974	0.006760703282460708	0.7294648731466996
P-0000614-T01-IM3	A[T>G]C	0.03227278626062159	0.04049723486229397	0.9272299788770845
P-0000614-T01-IM3	A[T>G]G	0.0634033095543345	0.04765452030724034	0.8889421701384251
P-0000614-T01-IM3	A[T>G]T	0.150374951711123	0.01243186562409653	0.8371931826647805
P-0000614-T01-IM3	C[C>A]A	0.013095281500604957	0.018784067726282553	0.9681206507731125
P-0000614-T01-IM3	C[C>A]C	0.00016782549528119114	0.003484040564023793	0.996348133940695
P-0000614-T01-IM3	C[C>A]G	0.007848599489880072	0.08240627088453759	0.9097451296255823
P-0000614-T01-IM3	C[C>A]T	0.008263981067769644	0.07579268800145657	0.9159433309307737
P-0000614-T01-IM3	C[C>G]A	6.748648100586102e-06	0.03764417424754024	0.9623490771043592
P-0000614-T01-IM3	C[C>G]C	0.00931852482767016	0.1066553039770606	0.8840261711952693
P-0000614-T01-IM3	C[C>G]G	0.002920236938750748	0.003554843113731622	0.9935249199475176
P-0000614-T01-IM3	C[C>G]T	0.03936909189299209	0.0008799118233484792	0.9597509962836595
P-0000614-T01-IM3	C[C>T]A	0.0005857649076731279	0.03456553720512884	0.9648486978871981
P-0000614-T01-IM3	C[C>T]C	0.002948689176019546	0.05484186615973157	0.9422094446642489
P-0000614-T01-IM3	C[C>T]G	0.00541613636156151	0.33329998550812057	0.661283878130318
P-0000614-T01-IM3	C[C>T]T	0.0064535681548052795	0.04348169262543762	0.9500647392197571
P-0000614-T01-IM3	C[T>A]A	7.359627336272291e-06	0.025918584387542097	0.9740740559851216
P-0000614-T01-IM3	C[T>A]C	0.005987140717732078	0.044301551497282196	0.9497113077849857
P-0000614-T01-IM3	C[T>A]G	0.002377863233347687	0.021365287110310164	0.9762568496563422
P-0000614-T01-IM3	C[T>A]T	0.008300737199865146	0.0039055939371958883	0.987793668862939
P-0000614-T01-IM3	C[T>C]A	3.2503304359589086e-06	0.01120187342181946	0.9887948762477445
P-0000614-T01-IM3	C[T>C]C	0.0016131227753280902	0.00606226304927814	0.9923246141753937
P-0000614-T01-IM3	C[T>C]G	0.0005867656366719621	0.004206607701833851	0.9952066266614942
P-0000614-T01-IM3	C[T>C]T	0.0014523063775754958	0.004636453076683557	0.993911240545741
P-0000614-T01-IM3	C[T>G]A	0.11946158400705909	0.12973119694328028	0.7508072190496605
P-0000614-T01-IM3	C[T>G]C	0.007769770786171069	0.0009525315718114239	0.9912776976420176
P-0000614-T01-IM3	C[T>G]G	0.019650569942720023	0.00235253921373779	0.9779968908435421
P-0000614-T01-IM3	C[T>G]T	0.13760843589397032	0.05961642111457702	0.8027751429914526
P-0000614-T01-IM3	G[C>A]A	0.055554740375437645	0.12521703920359553	0.8192282204209669
P-0000614-T01-IM3	G[C>A]C	0.011058833265189177	0.07140088944549686	0.917540277289314
P-0000614-T01-IM3	G[C>A]G	0.002799905088849565	0.033799958781169384	0.963400136129981
P-0000614-T01-IM3	G[C>A]T	0.019462086421400755	0.1639040560265273	0.816633857552072
P-0000614-T01-IM3	G[C>G]A	0.013222837757047952	0.0058798798587079764	0.980897282384244
P-0000614-T01-IM3	G[C>G]C	0.008960214978279452	0.010394932698491434	0.9806448523232292
P-0000614-T01-IM3	G[C>G]G	0.003479468029383874	0.00570761550422082	0.9908129164663952
P-0000614-T01-IM3	G[C>G]T	0.002012981721508214	0.02593869989857174	0.9720483183799199
P-0000614-T01-IM3	G[C>T]A	0.0	0.05207861585318165	0.9479213841468184
P-0000614-T01-IM3	G[C>T]C	0.012028979278470447	0.10196697461639923	0.8860040461051303
P-0000614-T01-IM3	G[C>T]G	0.04115390764544685	0.7403375508285416	0.2185085415260116
P-0000614-T01-IM3	G[C>T]T	0.016676699794308216	0.10173012338432262	0.8815931768213692
P-0000614-T01-IM3	G[T>A]A	0.0004520972870126011	0.0013233327324745007	0.9982245699805129
P-0000614-T01-IM3	G[T>A]C	6.707656288868258e-05	0.03707841497427044	0.9628545084628408
P-0000614-T01-IM3	G[T>A]G	0.0009049509918884988	0.0008554388129846662	0.9982396101951269
P-0000614-T01-IM3	G[T>A]T	0.004462312042832409	0.01537258399639211	0.9801651039607756
P-0000614-T01-IM3	G[T>C]A	0.012057469331658466	0.04235960161881984	0.9455829290495217
P-0000614-T01-IM3	G[T>C]C	0.04273972096211646	0.06972499554064848	0.8875352834972352
P-0000614-T01-IM3	G[T>C]G	0.005711938349416675	0.03090059321131331	0.96338746843927
P-0000614-T01-IM3	G[T>C]T	0.042108965912865476	0.02769743463241413	0.9301935994547204
P-0000614-T01-IM3	G[T>G]A	0.006942407251422849	0.010875706221009373	0.9821818865275678
P-0000614-T01-IM3	G[T>G]C	0.018292100583011377	0.03472404131430995	0.9469838581026786
P-0000614-T01-IM3	G[T>G]G	0.004901328694910024	0.02848310781469852	0.9666155634903915
P-0000614-T01-IM3	G[T>G]T	0.0251174364911028	0.027026166059578895	0.9478563974493184
P-0000614-T01-IM3	T[C>A]A	0.41693573668174166	7.03331661115136e-06	0.5830572300016473
P-0000614-T01-IM3	T[C>A]C	0.040504776183400475	0.026640537731118876	0.9328546860854806
P-0000614-T01-IM3	T[C>A]G	0.042473980333487135	0.003310725002018945	0.954215294664494
P-0000614-T01-IM3	T[C>A]T	0.9996749583196171	5.138605678433662e-05	0.0002736556235986903
P-0000614-T01-IM3	T[C>G]A	0.0007085678724656043	0.02643950043977948	0.972851931687755
P-0000614-T01-IM3	T[C>G]C	6.2183837440677685e-06	0.005353382182742642	0.9946403994335133
P-0000614-T01-IM3	T[C>G]G	0.00012945157458578126	0.002507724443861276	0.997362823981553
P-0000614-T01-IM3	T[C>G]T	0.004736793373886468	0.22419602226653015	0.7710671843595833
P-0000614-T01-IM3	T[C>T]A	0.013434953093608851	0.05091503169578504	0.9356500152106061
P-0000614-T01-IM3	T[C>T]C	0.09486278232672606	0.09445271596988632	0.8106845017033877
P-0000614-T01-IM3	T[C>T]G	0.6599454730050948	0.34005068957519086	3.837419714326324e-06
P-0000614-T01-IM3	T[C>T]T	0.2830808645688385	0.15212903012706203	0.5647901053040995
P-0000614-T01-IM3	T[T>A]A	0.000998648884607646	0.010160806290658278	0.988840544824734
P-0000614-T01-IM3	T[T>A]C	0.08459013118519106	0.20169435115851844	0.7137155176562905
P-0000614-T01-IM3	T[T>A]G	0.014998157054734122	0.018970918722044604	0.9660309242232212
P-0000614-T01-IM3	T[T>A]T	0.09231236074003585	0.011164793758165242	0.896522845501799
P-0000614-T01-IM3	T[T>C]A	0.008780657418357145	0.016660281903281594	0.9745590606783613
P-0000614-T01-IM3	T[T>C]C	0.02587502068978296	0.0025863147359979043	0.9715386645742192
P-0000614-T01-IM3	T[T>C]G	0.005443653076585342	0.009764614875432502	0.9847917320479821
P-0000614-T01-IM3	T[T>C]T	0.041216036196987875	0.0034365707203594803	0.9553473930826527
P-0000614-T01-IM3	T[T>G]A	0.36189894050692595	0.01557292760099415	0.6225281318920799
P-0000614-T01-IM3	T[T>G]C	0.9627964617876862	0.0061485184334710155	0.031055019778842674
P-0000614-T01-IM3	T[T>G]G	0.0700682251308066	0.004958994287921008	0.9249727805812723
P-0000614-T01-IM3	T[T>G]T	0.9983468481387784	5.781660669951556e-05	0.0015953352545223566
P-0001248-T01-IM3	A[C>A]A	0.05770385216452981	0.28003926052637473	0.6622568873090955
P-0001248-T01-IM3	A[C>A]C	0.06976026905190112	0.0589668613230231	0.8712728696250758
P-0001248-T01-IM3	A[C>A]G	0.05417094754434967	0.14494355369074632	0.800885498764904
P-0001248-T01-IM3	A[C>A]T	0.19109189517908756	0.311717432870192	0.49719067195072053
P-0001248-T01-IM3	A[C>G]A	0.039294757264341285	0.5094146506005373	0.45129059213512146
P-0001248-T01-IM3	A[C>G]C	0.040630793439014025	0.4601370419581228	0.49923216460286307
P-0001248-T01-IM3	A[C>G]G	0.0001262550389839081	0.05892996783205176	0.9409437771289643
P-0001248-T01-IM3	A[C>G]T	0.01559869373227405	0.11876635460391857	0.8656349516638074
P-0001248-T01-IM3	A[C>T]A	4.099349030714651e-05	0.4717491290984449	0.5282098774112479
P-0001248-T01-IM3	A[C>T]C	0.013359364784582899	0.46431334016332093	0.5223272950520963
P-0001248-T01-IM3	A[C>T]G	0.008517336894953056	0.9328382017022862	0.058644461402760806
P-0001248-T01-IM3	A[C>T]T	0.05845249463496288	0.40367300546702506	0.5378744998980122
P-0001248-T01-IM3	A[T>A]A	0.03107871658297978	0.22786781446841511	0.741053468948605
P-0001248-T01-IM3	A[T>A]C	5.4905170774600806e-06	0.14691792694551642	0.8530765825374061
P-0001248-T01-IM3	A[T>A]G	0.0067186390688437556	0.03035221310366368	0.9629291478274925
P-0001248-T01-IM3	A[T>A]T	0.029668676085021498	0.26447846919371376	0.7058528547212648
P-0001248-T01-IM3	A[T>C]A	0.05420892483166884	0.15212167318840752	0.7936694019799235
P-0001248-T01-IM3	A[T>C]C	0.06259443018749668	0.11716057900293314	0.8202449908095703
P-0001248-T01-IM3	A[T>C]G	0.0007679458658568369	0.06437092452146563	0.9348611296126774
P-0001248-T01-IM3	A[T>C]T	0.029518577134426714	0.05240652367673657	0.9180748991888367
P-0001248-T01-IM3	A[T>G]A	0.6364048774548611	0.053012227564169616	0.31058289498096936
P-0001248-T01-IM3	A[T>G]C	0.0985375575311071	0.4018593367821557	0.4996031056867373
P-0001248-T01-IM3	A[T>G]G	0.16900669595278303	0.41283779211365174	0.4181555119335652
P-0001248-T01-IM3	A[T>G]T	0.4442148859327624	0.11935408157225497	0.43643103249498255
P-0001248-T01-IM3	C[C>A]A	0.05345267633883961	0.24918828590845338	0.697359037752707
P-0001248-T01-IM3	C[C>A]C	0.0008959432776011958	0.060449002877900115	0.9386550538444988
P-0001248-T01-IM3	C[C>A]G	0.01799261645032312	0.6139680573426869	0.36803932620699
P-0001248-T01-IM3	C[C>A]T	0.01985449189603756	0.59180704994734	0.3883384581566223
P-0001248-T01-IM3	C[C>G]A	2.309783732440804e-05	0.41873153705317423	0.5812453651095013
P-0001248-T01-IM3	C[C>G]C	0.018201918906755345	0.6770735172217507	0.30472456387149394
P-0001248-T01-IM3	C[C>G]G	0.015385749923588573	0.06087015095556101	0.9237440991208504
P-0001248-T01-IM3	C[C>G]T	0.18605727430204233	0.013514929090842849	0.8004277966071148
P-0001248-T01-IM3	C[C>T]A	0.002068443344902771	0.39668607147632967	0.6012454851787675
P-0001248-T01-IM3	C[C>T]C	0.008486486381013712	0.5129730019330713	0.4785405116859151
P-0001248-T01-IM3	C[C>T]G	0.00449345765597472	0.8986896069127589	0.09681693543126639
P-0001248-T01-IM3	C[C>T]T	0.020459747736161635	0.4480125463903156	0.5315277058735228
P-0001248-T01-IM3	C[T>A]A	2.8733035118024836e-05	0.3288670165642268	0.6711042504006551
P-0001248-T01-IM3	C[T>A]C	0.018853377543790812	0.4533900613795158	0.5277565610766933
P-0001248-T01-IM3	C[T>A]G	0.009741521690425938	0.28446708620045474	0.7057913921091193
P-0001248-T01-IM3	C[T>A]T	0.0425002211342212	0.06498976614757608	0.8925100127182027
P-0001248-T01-IM3	C[T>C]A	1.541152726159986e-05	0.1726204268532771	0.8273641616194612
P-0001248-T01-IM3	C[T>C]C	0.008212135367874965	0.10030135837316685	0.8914865062589582
P-0001248-T01-IM3	C[T>C]G	0.003090144055317278	0.07199949120053575	0.924910364744147
P-0001248-T01-IM3	C[T>C]T	0.0075673717519980895	0.07851561825868363	0.9139170099893182
P-0001248-T01-IM3	C[T>G]A	0.17735233691271884	0.6259453715078808	0.19670229157940036
P-0001248-T01-IM3	C[T>G]C	0.04181863417879176	0.016661894402695044	0.9415194714185132
P-0001248-T01-IM3	C[T>G]G	0.09830986500801021	0.038250946049351454	0.8634391889426383
P-0001248-T01-IM3	C[T>G]T	0.29090970108387376	0.4096023196816132	0.2994879792345131
P-0001248-T01-IM3	G[C>A]A	0.09151142902933095	0.670349062680156	0.2381395082905131
P-0001248-T01-IM3	G[C>A]C	0.02730369844346584	0.5729268177406285	0.39976948381590577
P-0001248-T01-IM3	G[C>A]G	0.009905503565010042	0.3886268302438437	0.6014676661911463
P-0001248-T01-IM3	G[C>A]T	0.027952240546188063	0.7650684453549867	0.20697931409882514
P-0001248-T01-IM3	G[C>G]A	0.06436601812216826	0.09302159616646132	0.8426123857113705
P-0001248-T01-IM3	G[C>G]C	0.041521168292763845	0.15655111967624996	0.8019277120309862
P-0001248-T01-IM3	G[C>G]G	0.017673169131029728	0.09421925225053517	0.888107578618435
P-0001248-T01-IM3	G[C>G]T	0.007806742251814923	0.326935119404227	0.6652581383439581
P-0001248-T01-IM3	G[C>T]A	0.0	0.5029346916135687	0.49706530838643115
P-0001248-T01-IM3	G[C>T]C	0.024068774969254202	0.663083322029961	0.31284790300078474
P-0001248-T01-IM3	G[C>T]G	0.01655552374315382	0.9679323047625711	0.015512171494275055
P-0001248-T01-IM3	G[C>T]T	0.03316272273485826	0.6574655495908184	0.3093717276743234
P-0001248-T01-IM3	G[T>A]A	0.002499014830069785	0.023773293294070824	0.9737276918758595
P-0001248-T01-IM3	G[T>A]C	0.000230910382750272	0.41483671092383956	0.5849323786934102
P-0001248-T01-IM3	G[T>A]G	0.0050318368500987575	0.015458729685343954	0.9795094334645572
P-0001248-T01-IM3	G[T>A]T	0.019623742989138934	0.21971117488372072	0.7606650821271403
P-0001248-T01-IM3	G[T>C]A	0.038084988474818116	0.43484340776618086	0.5270716037590011
P-0001248-T01-IM3	G[T>C]C	0.10033508936384357	0.5319771954094646	0.36768771522669164
P-0001248-T01-IM3	G[T>C]G	0.020684305776320796	0.36367011661335347	0.6156455776103257
P-0001248-T01-IM3	G[T>C]T	0.14212680484021312	0.30382557144349415	0.5540476237162928
P-0001248-T01-IM3	G[T>G]A	0.032198214176309	0.1639315431964103	0.8038702426272808
P-0001248-T01-IM3	G[T>G]C	0.06132937215212304	0.37837162762481186	0.5602990002230651
P-0001248-T01-IM3	G[T>G]G	0.018285084422564584	0.3453455595696546	0.6363693560077808
P-0001248-T01-IM3	G[T>G]T	0.08963430251432053	0.31344888727180126	0.5969168102138782
P-0001248-T01-IM3	T[C>A]A	0.8020292328658843	4.397082415116662e-05	0.1979267963099646
P-0001248-T01-IM3	T[C>A]C	0.1388538698058842	0.2968097060457863	0.5643364241483295
P-0001248-T01-IM3	T[C>A]G	0.19164816348298225	0.04854988100291379	0.759801955514104
P-0001248-T01-IM3	T[C>A]T	0.9997846795162713	0.00016702301446091492	4.829746926776467e-05
P-0001248-T01-IM3	T[C>G]A	0.0027430200247404745	0.33264739539881294	0.6646095845764466
P-0001248-T01-IM3	T[C>G]C	3.223138072698026e-05	0.09018057518390639	0.9097871934353666
P-0001248-T01-IM3	T[C>G]G	0.000702454041293204	0.04422560189746179	0.9550719440612451
P-0001248-T01-IM3	T[C>G]T	0.0054480684240446695	0.8380489316741551	0.15650299990180017
P-0001248-T01-IM3	T[C>T]A	0.039052426711116105	0.480995763238203	0.47995181005068094
P-0001248-T01-IM3	T[C>T]C	0.17409334694835216	0.563357561382767	0.2625490916688808
P-0001248-T01-IM3	T[C>T]G	0.37388329325473557	0.6261163230913436	3.836539209091409e-07
P-0001248-T01-IM3	T[C>T]T	0.32272098871496724	0.5636534318252232	0.1136255794598095
P-0001248-T01-IM3	T[T>A]A	0.004789165119947782	0.158364751055499	0.8368460838245533
P-0001248-T01-IM3	T[T>A]C	0.0976738828445123	0.7568953728486976	0.14543074430679004
P-0001248-T01-IM3	T[T>A]G	0.060689418396946825	0.24948635778106953	0.6898242238219835
P-0001248-T01-IM3	T[T>A]T	0.32186134143378337	0.12651529294491642	0.5516233656213002
P-0001248-T01-IM3	T[T>C]A	0.037379199330984623	0.23049879953538166	0.7321220011336338
P-0001248-T01-IM3	T[T>C]C	0.12577263361581126	0.040857349013112665	0.8333700173710761
P-0001248-T01-IM3	T[T>C]G	0.025803531587253993	0.15042748329111652	0.8237689851216293
P-0001248-T01-IM3	T[T>C]T	0.18651848803541826	0.0505433833594609	0.7629381286051208
P-0001248-T01-IM3	T[T>G]A	0.6928034338154043	0.09688941760812673	0.21030714857646904
P-0001248-T01-IM3	T[T>G]C	0.9742345163878177	0.020220079882812454	0.00554540372936977
P-0001248-T01-IM3	T[T>G]G	0.28092977360181615	0.06461801629757523	0.6544522101006086
P-0001248-T01-IM3	T[T>G]T	0.9995300099416714	0.0001881266607140765	0.0002818633976144407
P-0001791-T01-IM3	A[C>A]A	0.0	0.12768373301069164	0.8723162669893084
P-0001791-T01-IM3	A[C>A]C	0.0	0.022891063379655307	0.9771089366203447
P-0001791-T01-IM3	A[C>A]G	0.0	0.05895338839898149	0.9410466116010185
P-0001791-T01-IM3	A[C>A]T	0.0	0.1783233539663538	0.8216766460336462
P-0001791-T01-IM3	A[C>G]A	0.0	0.28095668282508746	0.7190433171749124
P-0001791-T01-IM3	A[C>G]C	0.0	0.24187653488992275	0.7581234651100772
P-0001791-T01-IM3	A[C>G]G	0.0	0.02121911039937549	0.9787808896006246
P-0001791-T01-IM3	A[C>G]T	0.0	0.04533950314137525	0.9546604968586248
P-0001791-T01-IM3	A[C>T]A	0.0	0.23614745951080682	0.763852540489193
P-0001791-T01-IM3	A[C>T]C	0.0	0.23530280277111007	0.76469719722889
P-0001791-T01-IM3	A[C>T]G	0.0	0.8462994037076089	0.15370059629239116
P-0001791-T01-IM3	A[C>T]T	0.0	0.20621520717086314	0.7937847928291368
P-0001791-T01-IM3	A[T>A]A	0.0	0.09619997372736654	0.9038000262726334
P-0001791-T01-IM3	A[T>A]C	0.0	0.056261047453117566	0.9437389525468824
P-0001791-T01-IM3	A[T>A]G	0.0	0.010793250635012002	0.9892067493649881
P-0001791-T01-IM3	A[T>A]T	0.0	0.11481048922250374	0.8851895107774962
P-0001791-T01-IM3	A[T>C]A	0.0	0.06221886837565529	0.9377811316243446
P-0001791-T01-IM3	A[T>C]C	0.0	0.047113798686153306	0.9528862013138467
P-0001791-T01-IM3	A[T>C]G	0.0	0.023279942941411003	0.976720057058589
P-0001791-T01-IM3	A[T>C]T	0.0	0.019376647182111573	0.9806233528178885
P-0001791-T01-IM3	A[T>G]A	0.0	0.0557875639214126	0.9442124360785874
P-0001791-T01-IM3	A[T>G]C	0.0	0.21779138237809054	0.7822086176219095
P-0001791-T01-IM3	A[T>G]G	0.0	0.25470566420302787	0.7452943357969721
P-0001791-T01-IM3	A[T>G]T	0.0	0.08647876160728317	0.9135212383927168
P-0001791-T01-IM3	C[C>A]A	0.0	0.11007614213721449	0.8899238578627855
P-0001791-T01-IM3	C[C>A]C	0.0	0.021806062230082687	0.9781939377699173
P-0001791-T01-IM3	C[C>A]G	0.0	0.3660688655356871	0.6339311344643129
P-0001791-T01-IM3	C[C>A]T	0.0	0.34534406846747967	0.6546559315325203
P-0001791-T01-IM3	C[C>G]A	0.0	0.1995970104038101	0.8004029895961898
